0.151123046875
0.10986328125
0.173828125
0.135986328125
0.14599609375
0.158935546875
0.136962890625
0.14697265625
0.1689453125
0.1611328125
0.14892578125
0.14306640625
0.157958984375
0.174072265625
0.17578125
0.161865234375
0.156005859375
0.169921875
0.1708984375
0.2099609375
0.171142578125
0.16796875
0.1728515625
0.171875
0.217041015625
0.22705078125
0.219970703125
0.2529296875
0.348876953125
0.242919921875
0.264892578125
0.23193359375
0.244873046875
0.2421875
0.248046875
0.2509765625
0.243896484375
0.2568359375
0.26806640625
0.281005859375
0.2548828125
0.251953125
0.25
0.251953125
0.261962890625
0.260986328125
0.260009765625
0.304931640625
0.480224609375
0.280029296875
0.30908203125
0.310791015625
0.31298828125
0.238037109375
0.246826171875
0.282958984375
0.274169921875
0.285888671875
0.283935546875
0.2958984375
0.287841796875
0.306884765625
0.317138671875
0.385009765625
0.340087890625
0.328125
0.39794921875
0.329833984375
0.368896484375
0.528076171875
0.2939453125
0.302001953125
0.2880859375
0.338134765625
0.330078125
0.340087890625
0.288818359375
0.31591796875
0.361083984375
0.32080078125
0.2939453125
0.2861328125
0.343994140625
0.31298828125
0.320068359375
0.3330078125
0.3291015625
0.3349609375
0.349853515625
0.3310546875
0.325927734375
0.333984375
0.3388671875
0.3369140625
0.412109375
0.336181640625
0.39794921875
0.388916015625
0.32421875
0.35205078125
0.3291015625
0.39111328125
0.306884765625
0.31591796875
0.3349609375
0.32080078125
0.35205078125
0.369873046875
0.504150390625
0.408935546875
0.35205078125
0.423095703125
0.365966796875
0.344970703125
0.3681640625
0.36279296875
0.2958984375
0.3779296875
0.364990234375
0.421875
0.384033203125
0.369873046875
0.37890625
0.3720703125
0.284912109375
0.385986328125
0.330078125
0.3349609375
0.343994140625
0.341796875
0.348876953125
0.347900390625
0.365234375
0.34521484375
0.322998046875
0.35595703125
0.406005859375
0.422119140625
0.3369140625
0.4140625
0.410888671875
0.420166015625
0.3681640625
0.360107421875
0.373046875
0.385009765625
0.35302734375
0.401123046875
0.427001953125
0.378173828125
0.3759765625
0.39208984375
0.39501953125
0.375
0.37109375
0.450927734375
0.39501953125
0.39013671875
0.403076171875
0.412841796875
0.492919921875
0.410888671875
0.718994140625
0.43115234375
0.40087890625
0.389892578125
0.43701171875
0.40087890625
0.4111328125
0.426025390625
0.363037109375
0.47900390625
0.48779296875
0.39501953125
0.39599609375
0.406005859375
0.39306640625
0.654052734375
0.402099609375
0.41796875
0.44482421875
0.51904296875
0.451904296875
0.48388671875
0.4951171875
0.444091796875
0.43994140625
0.43994140625
0.697998046875
0.464111328125
0.453857421875
0.5029296875
0.489013671875
0.433837890625
0.441162109375
0.44287109375
0.4560546875
0.4599609375
0.60888671875
0.533935546875
0.445068359375
0.465087890625
0.556884765625
0.552001953125
0.455078125
0.47998046875
0.453125
0.472900390625
0.48583984375
0.553955078125
0.469970703125
0.5400390625
0.461181640625
0.477783203125
0.468994140625
0.4658203125
0.4599609375
0.570068359375
0.56689453125
0.466064453125
0.3330078125
0.382080078125
0.333984375
0.322021484375
0.35595703125
0.35693359375
0.416015625
0.367919921875
0.36083984375
0.385009765625
0.388916015625
0.337890625
0.373046875
0.34912109375
0.379150390625
0.386962890625
0.384033203125
0.3798828125
0.385009765625
0.427001953125
0.505859375
0.3740234375
0.378173828125
0.336181640625
0.389892578125
0.385986328125
0.39990234375
0.39697265625
0.4541015625
0.47998046875
0.388916015625
0.408935546875
0.427001953125
0.4130859375
0.43994140625
0.47509765625
0.421875
0.844970703125
0.458984375
0.455810546875
0.39892578125
0.4140625
0.44384765625
0.467041015625
0.431884765625
0.405029296875
0.446044921875
0.491943359375
0.5029296875
0.407958984375
0.427978515625
0.4150390625
0.56494140625
0.398193359375
0.490966796875
0.43701171875
0.5068359375
0.432861328125
0.43798828125
0.462890625
0.453125
0.469970703125
0.47314453125
0.5380859375
0.458984375
0.4599609375
0.47705078125
0.48388671875
0.470947265625
0.469970703125
0.452880859375
0.534912109375
0.462890625
0.451904296875
0.4580078125
0.48583984375
0.470947265625
0.52197265625
0.5078125
0.453125
0.47021484375
0.502197265625
0.468017578125
0.51611328125
0.4951171875
0.47314453125
0.47998046875
0.56298828125
0.498046875
0.573974609375
0.426025390625
0.496826171875
0.4912109375
0.43212890625
