49.963134765625
34.330078125
42.58203125
29.718017578125
35.68701171875
35.85400390625
35.15087890625
34.5
33.73095703125
35.4609375
33.80810546875
34.713134765625
34.302978515625
39.43701171875
32.796142578125
35.952880859375
36.16796875
36.952880859375
33.307861328125
37.695068359375
33.19189453125
33.9130859375
34.177001953125
36.80517578125
36.15087890625
36.27490234375
38.712890625
35.968994140625
37.046875
34.235107421875
39.694091796875
32.859130859375
37.796875
36.6650390625
33.658935546875
34.0830078125
33.378173828125
40.428955078125
36.2080078125
37.135009765625
32.3779296875
35.012939453125
32.428955078125
34.037841796875
37.85791015625
36.551025390625
35.7109375
37.574951171875
42.828125
32.09814453125
34.56103515625
36.927978515625
43.181884765625
34.51611328125
33.155029296875
33.2529296875
33.4560546875
36.573974609375
34.226806640625
31.715087890625
36.06494140625
33.188232421875
36.790771484375
14.052978515625
13.22705078125
13.153076171875
13.548095703125
12.968017578125
13.76806640625
44.54296875
47.64208984375
35.40283203125
32.552001953125
36.220947265625
37.023193359375
37.385986328125
37.514892578125
32.053955078125
36.726806640625
36.0869140625
33.4970703125
31.155029296875
32.141845703125
32.2958984375
37.656005859375
36.077880859375
34.48388671875
35.02197265625
34.56201171875
36.385009765625
32.5400390625
32.466064453125
35.56103515625
37.365966796875
38.161865234375
37.01806640625
30.764892578125
38.84912109375
34.675048828125
33.284912109375
32.5810546875
36.76611328125
33.89599609375
33.1279296875
34.2490234375
35.634033203125
33.62890625
33.27294921875
35.889892578125
38.971923828125
34.9560546875
35.357177734375
36.592041015625
36.7099609375
35.9619140625
34.48193359375
35.97607421875
34.364013671875
36.444091796875
36.72607421875
34.306884765625
32.424072265625
35.076904296875
33.069091796875
32.342041015625
35.235107421875
33.61181640625
36.89404296875
34.74609375
33.00390625
33.97412109375
30.93505859375
35.110107421875
33.928955078125
35.614990234375
34.48095703125
37.66015625
32.385009765625
33.9521484375
32.9921875
36.237060546875
33.989990234375
35.930908203125
33.39892578125
31.24609375
32.35205078125
37.8798828125
37.18798828125
37.364990234375
38.260009765625
32.5078125
33.33203125
32.82421875
34.93994140625
36.670166015625
34.496826171875
37.26513671875
36.64599609375
37.600830078125
15.52294921875
12.487060546875
12.155029296875
16.22900390625
13.714111328125
13.427001953125
31.98876953125
32.733154296875
35.10888671875
34.774169921875
32.588134765625
39.587890625
35.68408203125
38.368896484375
36.181884765625
31.655029296875
32.427978515625
35.366943359375
36.994140625
32.5390625
32.3828125
32.470947265625
34.18505859375
32.891845703125
34.2529296875
37.85791015625
34.660888671875
39.955078125
43.180908203125
37.672119140625
34.333984375
34.56884765625
38.718994140625
37.25
37.889892578125
31.89404296875
31.802978515625
34.973876953125
38.742919921875
37.802001953125
38.091064453125
37.879150390625
36.718994140625
32.93701171875
36.114990234375
34.226806640625
39.427978515625
32.8798828125
36.791015625
33.81787109375
33.005126953125
36.85791015625
38.322998046875
37.51806640625
36.0419921875
34.233154296875
39.2861328125
40.755859375
33.31494140625
38.157958984375
37.385009765625
38.27587890625
35.18798828125
39.0859375
34.497802734375
37.579833984375
36.73486328125
37.576904296875
39.049072265625
33.85009765625
39.486083984375
36.719970703125
32.518798828125
39.77197265625
34.843017578125
41.44384765625
38.635986328125
34.18408203125
33.594970703125
35.39208984375
35.526123046875
40.27294921875
35.044189453125
34.322021484375
34.22314453125
33.81396484375
33.81787109375
33.431884765625
34.418212890625
35.9609375
38.12890625
35.2548828125
32.3828125
38.2060546875
37.948974609375
38.84912109375
12.907958984375
13.385986328125
16.58203125
13.679931640625
17.680908203125
35.06689453125
32.346923828125
30.858154296875
38.18310546875
36.634033203125
41.30908203125
35.261962890625
38.637939453125
34.93408203125
35.06787109375
37.31298828125
35.47900390625
36.73486328125
36.052978515625
31.75
33.550048828125
37.532958984375
34.016845703125
33.02294921875
35.3349609375
33.295166015625
33.321044921875
33.615966796875
38.3759765625
39.013916015625
34.700927734375
36.2412109375
33.150146484375
32.89501953125
36.961181640625
36.433837890625
37.93994140625
36.89404296875
36.848876953125
38.39697265625
34.743896484375
37.5390625
39.0009765625
36.8779296875
37.56689453125
39.3388671875
32.65185546875
37.773193359375
37.7099609375
37.755859375
36.83203125
34.453857421875
37.7919921875
32.30712890625
37.176025390625
36.52392578125
38.615966796875
38.14892578125
34.368896484375
