0.19091796875
0.850830078125
0.154052734375
0.139892578125
0.156005859375
0.166015625
0.1728515625
0.10693359375
0.076171875
0.10595703125
0.083984375
0.10986328125
0.120849609375
0.08203125
0.10595703125
0.125
0.136962890625
0.125
0.123046875
0.156982421875
0.156982421875
0.156005859375
0.154052734375
0.11181640625
0.14501953125
0.137939453125
0.14306640625
0.175048828125
0.172119140625
0.1279296875
0.177001953125
0.157958984375
0.14306640625
0.195068359375
0.173095703125
0.197998046875
0.202880859375
0.20703125
0.18603515625
0.197998046875
0.15087890625
0.18994140625
0.14892578125
0.22900390625
0.22216796875
0.221923828125
0.19091796875
0.197998046875
0.21484375
0.158935546875
0.220947265625
0.167236328125
0.173828125
0.243896484375
0.239990234375
0.18896484375
0.26318359375
0.26904296875
0.2880859375
0.27392578125
0.26806640625
0.269775390625
0.2119140625
0.19677734375
0.26513671875
0.2939453125
0.302978515625
0.31494140625
0.30712890625
0.261962890625
0.27490234375
0.280029296875
0.324951171875
0.3310546875
0.52392578125
0.237060546875
0.330078125
0.345947265625
0.31103515625
0.279052734375
0.344970703125
0.31005859375
0.381103515625
0.41796875
0.428955078125
0.27294921875
0.341064453125
0.33203125
0.30908203125
0.324951171875
0.361083984375
0.383056640625
0.538818359375
0.3349609375
0.425048828125
0.3759765625
0.453857421875
0.35888671875
0.430908203125
0.381103515625
0.410888671875
0.5458984375
0.632080078125
0.442138671875
0.2880859375
0.447021484375
0.35009765625
0.4580078125
0.36376953125
0.391845703125
0.4560546875
0.447021484375
0.4189453125
0.39794921875
0.369140625
0.511962890625
0.317138671875
0.507080078125
0.4130859375
0.39990234375
0.363037109375
0.413818359375
0.434814453125
0.325927734375
0.4599609375
0.541015625
0.690185546875
0.47900390625
0.333984375
0.453125
0.3740234375
0.466064453125
0.485107421875
0.4599609375
0.5009765625
0.51318359375
0.4150390625
0.570068359375
0.4599609375
0.4130859375
0.485107421875
0.458984375
0.503173828125
0.426025390625
0.485107421875
0.535888671875
0.4560546875
0.367919921875
0.51904296875
0.451904296875
0.4560546875
0.4599609375
0.41796875
0.458984375
0.52001953125
0.39599609375
0.4619140625
0.39599609375
0.536865234375
0.52685546875
0.489990234375
0.68701171875
0.426025390625
0.447021484375
0.52783203125
0.399169921875
0.48291015625
0.583984375
0.588134765625
0.583984375
0.423095703125
0.56298828125
0.510986328125
0.52685546875
0.575927734375
0.10009765625
0.091064453125
0.0810546875
0.091064453125
0.10791015625
0.083984375
0.10791015625
0.10205078125
0.1279296875
0.120849609375
0.10107421875
0.139892578125
0.117919921875
0.111083984375
0.114990234375
0.1171875
0.112060546875
0.1640625
0.156005859375
0.125
0.130859375
0.14501953125
0.126953125
0.136962890625
0.14501953125
0.176025390625
0.188232421875
0.14013671875
0.14697265625
0.139892578125
0.2080078125
0.175048828125
0.196044921875
0.21484375
0.159912109375
0.152099609375
0.2158203125
0.14404296875
0.1650390625
0.1630859375
0.189208984375
0.18212890625
0.20703125
0.155029296875
0.14990234375
0.1640625
0.221923828125
0.19091796875
0.25
0.2177734375
0.175048828125
0.220947265625
0.18701171875
0.18408203125
0.177978515625
0.22607421875
0.216064453125
0.261962890625
0.22900390625
0.279052734375
0.2138671875
0.248046875
0.241943359375
0.201904296875
0.2470703125
0.244873046875
0.251953125
0.239013671875
0.204833984375
0.248046875
0.237060546875
0.218017578125
0.182861328125
0.204833984375
0.284912109375
0.251953125
0.239990234375
0.47607421875
0.47900390625
0.2109375
0.2119140625
0.208984375
0.260009765625
0.31103515625
0.277099609375
0.26904296875
0.39599609375
0.22412109375
0.239990234375
0.299072265625
0.2529296875
0.294921875
0.296875
0.34912109375
0.318115234375
0.321044921875
0.265869140625
0.260986328125
0.321044921875
0.259033203125
0.343017578125
0.348876953125
0.077880859375
0.11279296875
0.116943359375
0.0849609375
0.10693359375
0.095947265625
0.135009765625
0.115966796875
0.131103515625
0.112060546875
0.1259765625
0.096923828125
0.12890625
0.112060546875
0.154052734375
0.137939453125
0.1259765625
0.115966796875
0.14306640625
0.1650390625
0.123046875
0.14111328125
0.1669921875
0.1640625
0.14599609375
0.1708984375
0.162109375
0.177978515625
0.19384765625
0.174072265625
0.18310546875
0.218994140625
0.156005859375
0.140869140625
0.18798828125
0.18798828125
0.220947265625
0.215087890625
0.1640625
0.14306640625
0.2109375
0.27197265625
0.194091796875
0.172119140625
0.225830078125
0.1640625
0.220947265625
0.1640625
0.202880859375
0.205078125
0.23291015625
0.19091796875
0.218017578125
0.1748046875
0.252197265625
0.3251953125
0.26513671875
0.19189453125
0.2138671875
0.18603515625
0.201904296875
0.2529296875
0.20703125
0.22998046875
0.262939453125
0.204833984375
0.19091796875
0.277099609375
0.273193359375
0.23193359375
0.26904296875
0.27490234375
0.27099609375
0.24609375
0.296875
0.218017578125
0.285888671875
0.26611328125
0.2841796875
0.34619140625
0.306884765625
0.281005859375
0.2900390625
0.320068359375
0.276123046875
0.343017578125
0.2490234375
0.251953125
0.2919921875
0.365966796875
0.26513671875
0.333984375
0.297119140625
0.3369140625
0.369873046875
0.31103515625
0.260986328125
0.084228515625
0.109130859375
0.09912109375
0.09912109375
0.113037109375
0.119873046875
0.093017578125
0.112060546875
0.09619140625
0.1318359375
0.133056640625
0.1279296875
0.14013671875
0.13623046875
0.169189453125
0.158935546875
0.114990234375
0.139892578125
0.134033203125
0.163818359375
0.14794921875
0.14990234375
0.156982421875
0.155029296875
0.14794921875
0.133056640625
0.205810546875
0.196044921875
0.196044921875
0.19189453125
0.15087890625
0.14501953125
0.14990234375
0.156005859375
0.3369140625
0.18115234375
0.197021484375
0.175048828125
0.31298828125
0.197021484375
0.333984375
0.18115234375
0.19580078125
0.201904296875
0.201904296875
0.235107421875
0.2099609375
0.23388671875
0.183837890625
0.17822265625
0.25
0.219970703125
0.217041015625
0.23193359375
0.22802734375
0.263916015625
0.238037109375
0.22705078125
0.19091796875
0.238037109375
0.257080078125
0.2001953125
0.259033203125
0.259033203125
0.196044921875
0.203125
0.2080078125
0.19091796875
0.202880859375
0.258056640625
0.281005859375
0.251220703125
0.242919921875
0.22998046875
0.245849609375
0.22607421875
0.4970703125
0.2998046875
0.26513671875
0.27197265625
0.283935546875
0.302978515625
0.31005859375
0.276123046875
0.343994140625
0.30419921875
0.2900390625
0.256103515625
0.337158203125
0.258056640625
0.3349609375
0.2890625
0.27197265625
0.2978515625
0.35595703125
0.285888671875
