2.94091796875
1.696044921875
2.1630859375
1.72412109375
1.661865234375
1.44189453125
1.531982421875
0.974853515625
0.76416015625
0.85400390625
0.802978515625
0.962890625
1.27490234375
0.885009765625
0.97900390625
0.90087890625
1.2509765625
0.881103515625
0.862060546875
1.052978515625
1.203857421875
0.970947265625
1.26708984375
0.91796875
1.473876953125
1.093017578125
1.015869140625
1.05908203125
1.152099609375
0.93994140625
0.971923828125
1.06103515625
0.8359375
0.942138671875
0.98681640625
1.065185546875
1.362060546875
1.04296875
1.08984375
1.19482421875
0.922119140625
0.81201171875
0.908935546875
1.19287109375
1.001953125
1.244873046875
0.884033203125
1.1298828125
1.66796875
0.908203125
1.068115234375
0.8310546875
0.868896484375
1.135986328125
0.98095703125
0.923095703125
1.072998046875
1.09619140625
1.034912109375
0.7490234375
1.347900390625
1.14697265625
0.948974609375
0.808837890625
0.907958984375
1.171875
1.235107421875
1.073974609375
1.028076171875
1.041015625
0.885009765625
0.9990234375
1.2490234375
1.017822265625
1.556884765625
1.0380859375
1.22998046875
1.177978515625
0.9619140625
0.919921875
1.1611328125
0.9609375
0.98095703125
1.09814453125
1.68994140625
0.91796875
1.1240234375
1.075927734375
0.827880859375
0.836181640625
0.85595703125
1.09814453125
0.875
0.784912109375
1.130126953125
0.9150390625
1.449951171875
1.0
1.091064453125
1.010009765625
1.096923828125
2.05615234375
1.800048828125
1.131103515625
0.799072265625
1.097900390625
1.002197265625
1.26611328125
1.296875
1.5
1.359130859375
1.01611328125
1.2119140625
1.02490234375
0.902099609375
0.927978515625
0.7451171875
1.130859375
0.947021484375
1.1162109375
1.386962890625
1.033935546875
1.083984375
1.15087890625
1.1689453125
1.257080078125
1.40283203125
1.031005859375
0.9208984375
0.83203125
0.906005859375
1.018798828125
1.3681640625
1.140869140625
0.87890625
1.156005859375
0.890869140625
1.080078125
0.923095703125
1.1669921875
1.14404296875
0.95703125
1.19677734375
1.1220703125
1.474853515625
1.17578125
1.031982421875
0.7919921875
1.093994140625
0.85302734375
1.08203125
0.885986328125
0.8740234375
0.7548828125
1.1171875
0.926025390625
1.4970703125
0.89404296875
0.9228515625
1.056884765625
0.991943359375
1.265869140625
0.923095703125
0.908935546875
1.10107421875
0.7470703125
0.823974609375
1.22314453125
1.16015625
1.0439453125
0.838134765625
0.796142578125
0.9111328125
1.02197265625
1.160888671875
1.14892578125
0.93408203125
0.885986328125
1.065185546875
1.132080078125
0.984130859375
0.963134765625
0.846923828125
0.949951171875
0.931884765625
0.883056640625
1.136962890625
0.821044921875
0.778076171875
0.85595703125
0.87109375
0.7529296875
1.4560546875
0.9189453125
0.9501953125
0.833984375
0.88916015625
0.85107421875
0.9072265625
0.757080078125
1.031982421875
1.01904296875
0.837890625
0.820068359375
1.14501953125
1.05712890625
0.906982421875
0.740966796875
0.89599609375
0.830078125
0.7451171875
0.81005859375
0.9140625
0.886962890625
0.910888671875
0.841064453125
1.524169921875
0.843994140625
0.899169921875
0.887939453125
0.833984375
0.84521484375
0.912109375
0.662109375
0.95703125
0.80810546875
0.958984375
0.89013671875
1.22900390625
0.9638671875
0.824951171875
0.927001953125
0.9609375
0.987060546875
0.9130859375
0.9609375
0.885009765625
0.906005859375
0.758056640625
1.0
1.286865234375
0.994873046875
0.928955078125
0.806884765625
0.934814453125
0.781005859375
0.8798828125
0.82080078125
0.740966796875
1.049072265625
0.864990234375
0.85400390625
2.0439453125
1.51416015625
0.821044921875
0.84619140625
0.76708984375
0.784912109375
0.93310546875
1.0419921875
1.06201171875
1.05712890625
0.903076171875
0.840087890625
1.35498046875
0.8662109375
0.992919921875
0.970947265625
0.93798828125
0.968017578125
0.93798828125
0.95703125
0.97021484375
0.98095703125
0.77392578125
0.920166015625
1.181884765625
1.0771484375
0.909912109375
0.8330078125
0.885986328125
0.843994140625
0.846923828125
1.037841796875
0.969970703125
0.944091796875
1.0
0.76708984375
1.14697265625
0.885009765625
0.89501953125
1.22998046875
1.149169921875
0.84619140625
0.81787109375
1.02685546875
1.134033203125
0.763916015625
0.926025390625
1.086181640625
1.22607421875
0.90380859375
0.933837890625
0.7900390625
0.966796875
1.2060546875
0.838134765625
0.92822265625
1.2001953125
0.7939453125
0.85400390625
0.8701171875
1.490966796875
1.142822265625
0.872802734375
0.817138671875
0.9140625
1.37109375
0.94189453125
1.0048828125
0.77099609375
0.8740234375
0.8701171875
0.945068359375
1.5029296875
0.8310546875
0.93603515625
0.754150390625
0.870849609375
1.129150390625
0.822021484375
0.882080078125
1.0498046875
1.150146484375
0.72802734375
0.8818359375
1.197021484375
0.92578125
1.136962890625
0.882080078125
0.976806640625
1.193115234375
0.77197265625
0.739013671875
1.11083984375
0.928955078125
0.98779296875
0.987060546875
1.35693359375
1.0009765625
0.816162109375
0.8818359375
0.8759765625
0.77392578125
1.125
0.966064453125
1.001220703125
1.0859375
0.890869140625
1.202880859375
1.259033203125
0.841064453125
1.0009765625
0.97705078125
0.798828125
0.947021484375
1.115966796875
0.861083984375
0.825927734375
0.885009765625
1.1171875
1.091796875
1.179931640625
0.89501953125
0.837890625
1.112060546875
0.9580078125
1.0390625
0.719970703125
1.18896484375
0.930908203125
0.9599609375
0.865966796875
1.2900390625
1.347900390625
1.14599609375
0.93798828125
1.10498046875
1.026123046875
1.047119140625
0.76904296875
0.87890625
0.91015625
0.8828125
0.872802734375
0.76708984375
1.35498046875
0.85107421875
0.83203125
0.76806640625
1.0859375
1.015869140625
1.130126953125
1.0810546875
0.806884765625
0.711181640625
0.744873046875
0.969970703125
2.3330078125
1.05810546875
1.094970703125
0.966064453125
0.929931640625
1.2490234375
1.56982421875
0.880126953125
1.06103515625
1.094970703125
0.80908203125
0.93408203125
1.06201171875
1.049072265625
0.721923828125
0.799072265625
1.2548828125
0.891845703125
1.446044921875
0.89501953125
0.799072265625
1.052001953125
0.8671875
1.09716796875
1.094970703125
1.13916015625
1.106201171875
0.867919921875
1.092041015625
0.89990234375
0.826904296875
0.89599609375
0.902099609375
0.718017578125
0.876953125
0.89599609375
1.23388671875
1.14501953125
1.041015625
0.926025390625
0.89794921875
0.819091796875
0.996826171875
1.214111328125
0.89501953125
0.931884765625
1.10302734375
0.945068359375
1.2431640625
0.88916015625
0.970947265625
0.860107421875
1.028076171875
0.91796875
1.18798828125
0.927001953125
0.916015625
0.830078125
0.77490234375
0.7900390625
1.56787109375
0.8388671875
