7.70703125
6.35595703125
5.48291015625
4.549072265625
4.217041015625
4.37890625
3.801025390625
2.746826171875
3.064208984375
2.7119140625
2.5859375
3.026123046875
3.7470703125
2.703125
2.81689453125
2.89697265625
3.15185546875
2.851806640625
3.010986328125
3.2138671875
3.259033203125
3.028076171875
3.19091796875
2.7138671875
3.263916015625
2.877197265625
3.010009765625
2.976806640625
3.4990234375
2.866943359375
2.9990234375
2.83984375
3.102783203125
3.015869140625
3.10693359375
3.013916015625
3.52294921875
3.447998046875
2.97998046875
3.11279296875
3.0
2.7001953125
2.571044921875
3.76513671875
3.109130859375
3.18603515625
2.98193359375
3.40087890625
3.677001953125
2.876953125
3.080078125
2.596923828125
2.864990234375
3.26904296875
3.217041015625
3.475830078125
3.261962890625
3.283935546875
3.35791015625
2.89208984375
3.284912109375
3.573974609375
3.018798828125
2.705078125
3.35888671875
3.22802734375
3.280029296875
3.359130859375
3.02392578125
3.139892578125
2.708984375
2.906982421875
3.295166015625
3.109130859375
4.1669921875
2.72509765625
3.27099609375
3.172119140625
3.199951171875
3.260986328125
3.342041015625
2.966064453125
2.969970703125
3.286865234375
3.975830078125
2.68896484375
3.330810546875
3.091064453125
3.138916015625
2.73291015625
2.98095703125
3.40283203125
3.367919921875
2.6689453125
3.430908203125
2.85986328125
3.571044921875
3.156982421875
3.177978515625
3.065185546875
3.407958984375
4.156982421875
4.449951171875
3.328857421875
2.984130859375
2.87890625
2.64794921875
3.40380859375
2.98095703125
3.494873046875
3.594970703125
3.593994140625
3.331787109375
3.4599609375
2.920166015625
3.35400390625
2.784912109375
3.35498046875
3.155029296875
3.169921875
3.177978515625
3.06298828125
3.384033203125
2.9140625
3.3359375
3.537109375
3.9130859375
3.39794921875
2.705078125
3.097900390625
2.864013671875
3.18212890625
4.138916015625
3.0322265625
2.8310546875
3.092041015625
2.773193359375
3.5048828125
2.671142578125
2.9609375
2.883056640625
3.282958984375
3.554931640625
3.635986328125
4.156005859375
3.44091796875
3.079833984375
3.093994140625
3.57080078125
3.06689453125
3.59619140625
2.783935546875
3.161865234375
2.864013671875
3.662109375
3.31201171875
3.8330078125
2.968994140625
3.48095703125
3.17919921875
3.173828125
3.633056640625
2.9248046875
3.028076171875
3.469970703125
2.7119140625
3.007080078125
3.781005859375
3.714111328125
3.56787109375
2.973876953125
3.658935546875
3.427978515625
3.5478515625
3.388916015625
3.052978515625
3.89599609375
3.274169921875
3.679931640625
3.476806640625
3.448974609375
3.85205078125
3.449951171875
4.052978515625
3.77001953125
3.48095703125
4.02001953125
3.416015625
3.19091796875
3.27099609375
3.280029296875
3.01904296875
4.5439453125
3.5859375
4.02490234375
3.256103515625
4.025146484375
3.340087890625
3.35791015625
3.509033203125
4.087890625
3.778076171875
3.510009765625
3.8798828125
3.76904296875
4.1630859375
3.43115234375
3.783203125
3.5361328125
3.06005859375
3.2080078125
3.7041015625
5.10888671875
3.072021484375
3.712890625
3.2841796875
4.447998046875
3.5439453125
3.882080078125
3.465087890625
3.77197265625
3.6279296875
3.4609375
3.2568359375
3.796142578125
3.555908203125
3.653076171875
3.949951171875
3.8310546875
3.30419921875
3.715087890625
3.55419921875
3.80908203125
3.6328125
3.7021484375
3.682861328125
3.80712890625
4.070068359375
5.59814453125
3.474853515625
3.803955078125
3.47607421875
3.862060546875
3.358154296875
3.462890625
3.364990234375
2.991943359375
3.548095703125
3.538818359375
4.26904296875
3.733154296875
3.638916015625
6.010986328125
6.074951171875
3.281982421875
3.513916015625
3.200927734375
3.35498046875
3.738037109375
3.869873046875
4.067138671875
4.550048828125
3.364990234375
3.666015625
4.3369140625
3.6240234375
3.593017578125
3.65185546875
3.98095703125
3.54296875
3.848876953125
4.27001953125
3.737060546875
4.092041015625
3.48486328125
4.3310546875
4.248046875
4.1630859375
3.2578125
3.68603515625
3.034912109375
3.06103515625
3.118896484375
3.693115234375
3.2998046875
3.7099609375
3.316162109375
3.532958984375
3.341064453125
3.199951171875
3.127197265625
3.633056640625
4.06689453125
2.87890625
2.822998046875
3.24609375
3.636962890625
2.837890625
3.572021484375
3.60986328125
3.843994140625
3.2900390625
3.471923828125
2.930908203125
3.6298828125
3.65478515625
3.35595703125
3.409912109375
4.087890625
2.829833984375
4.797119140625
2.868896484375
3.629150390625
3.427978515625
3.10693359375
2.764892578125
3.4091796875
4.01416015625
3.593017578125
3.216796875
3.052978515625
3.343017578125
3.193115234375
3.373046875
3.718017578125
3.287109375
3.335205078125
3.48095703125
3.2978515625
3.700927734375
3.140869140625
3.2119140625
3.617919921875
3.91796875
2.89208984375
4.545166015625
3.0419921875
3.9228515625
3.4189453125
3.483154296875
3.2861328125
3.491943359375
3.14208984375
2.64404296875
3.962890625
3.296875
3.283935546875
3.9111328125
4.194091796875
3.677978515625
3.198974609375
3.633056640625
3.345947265625
3.246826171875
3.498046875
3.574951171875
3.819091796875
3.787109375
3.80419921875
4.110107421875
3.988037109375
4.055908203125
4.5869140625
3.673095703125
3.132080078125
3.524169921875
3.888916015625
3.454833984375
3.805908203125
3.35693359375
3.984130859375
4.43310546875
3.794921875
3.216064453125
3.126953125
3.656982421875
3.485107421875
3.201904296875
2.966064453125
3.48779296875
2.965087890625
3.345947265625
2.85791015625
3.85400390625
3.64599609375
3.3701171875
3.306884765625
3.72802734375
3.5849609375
3.7451171875
2.7568359375
3.14599609375
2.958984375
3.35400390625
3.544921875
2.955078125
3.861083984375
3.385986328125
3.005126953125
2.764892578125
3.902099609375
3.62109375
3.768798828125
3.60693359375
2.906982421875
3.06298828125
2.98681640625
4.5859375
5.489990234375
3.22802734375
3.472900390625
3.347900390625
3.319091796875
3.919921875
5.045166015625
3.18310546875
3.535888671875
3.39599609375
3.259033203125
3.527099609375
3.262939453125
3.783203125
3.492919921875
2.9951171875
4.139892578125
3.1318359375
3.60498046875
3.33203125
3.18603515625
3.802978515625
3.51904296875
3.267822265625
4.512939453125
3.2978515625
3.610107421875
2.9609375
3.3330078125
3.5498046875
2.89599609375
2.986083984375
2.906005859375
3.2099609375
3.39306640625
3.370849609375
3.839111328125
3.68505859375
3.677001953125
3.135009765625
3.6201171875
3.672119140625
3.8388671875
3.744873046875
3.3388671875
3.60205078125
3.866943359375
3.940185546875
3.962158203125
3.182861328125
3.367919921875
3.47216796875
3.48681640625
3.47021484375
3.56201171875
3.493896484375
3.89404296875
3.16796875
3.341064453125
3.197998046875
4.03515625
3.373046875
