0.80908203125
0.383056640625
0.382080078125
0.2939453125
0.4580078125
0.41796875
0.321044921875
0.277099609375
0.244140625
0.202880859375
0.22900390625
0.321044921875
0.31201171875
0.31982421875
0.2509765625
0.363037109375
0.336181640625
0.245849609375
0.342041015625
0.400146484375
0.32177734375
0.26806640625
0.30712890625
0.26513671875
0.27587890625
0.248046875
0.255126953125
0.282958984375
0.27587890625
0.245849609375
0.31103515625
0.2900390625
0.3291015625
0.298095703125
0.296875
0.264892578125
0.297119140625
0.364013671875
0.239013671875
0.248046875
0.2470703125
0.281005859375
0.279052734375
0.35693359375
0.298828125
0.25
0.273193359375
0.301025390625
0.265869140625
0.2841796875
0.2939453125
0.27001953125
0.260986328125
0.241943359375
0.260009765625
0.248046875
0.301025390625
0.281982421875
0.2958984375
0.2548828125
0.26806640625
0.30712890625
0.2529296875
0.2587890625
0.326904296875
0.22998046875
0.26513671875
0.302001953125
0.2490234375
0.27294921875
0.28515625
0.283935546875
0.26611328125
0.3759765625
0.322998046875
0.239013671875
0.31982421875
0.259765625
0.2998046875
0.299072265625
0.302978515625
0.223876953125
0.284912109375
0.35009765625
0.3427734375
0.288818359375
0.201904296875
0.211181640625
0.360107421875
0.279052734375
0.27490234375
0.287109375
0.2861328125
0.2509765625
0.303955078125
0.238037109375
0.299072265625
0.296875
0.233154296875
0.282958984375
0.262939453125
0.22119140625
0.280029296875
0.22509765625
0.2451171875
0.23291015625
0.294189453125
0.2509765625
0.27392578125
0.22900390625
0.26611328125
0.251953125
0.281982421875
0.22900390625
0.25
0.31103515625
0.244873046875
0.2529296875
0.22900390625
0.251953125
0.210205078125
0.2568359375
0.2890625
0.26513671875
0.284912109375
0.324951171875
0.27197265625
0.346923828125
0.25
0.27197265625
0.27783203125
0.26904296875
0.305908203125
0.35791015625
0.343994140625
0.31005859375
0.341064453125
0.364013671875
0.27099609375
0.2919921875
0.251953125
0.2509765625
0.30419921875
0.2548828125
0.326904296875
0.304931640625
0.214111328125
0.34814453125
0.322998046875
0.281982421875
0.27392578125
0.23681640625
0.299072265625
0.251953125
0.27783203125
0.244140625
0.30908203125
0.22412109375
0.287109375
0.24609375
0.27099609375
0.2431640625
0.22705078125
0.2509765625
0.248046875
0.30712890625
0.27197265625
0.328125
0.22900390625
0.24609375
0.27099609375
0.283935546875
0.247802734375
0.35498046875
0.259033203125
0.2900390625
0.277099609375
0.232177734375
0.260009765625
0.216064453125
0.23779296875
0.2548828125
0.22705078125
0.359130859375
0.27392578125
0.31298828125
0.2490234375
0.203857421875
0.22900390625
0.223876953125
0.22314453125
0.243896484375
0.304931640625
0.276123046875
0.261962890625
0.26806640625
0.323974609375
0.245849609375
0.2509765625
0.260986328125
0.384033203125
0.2421875
0.302001953125
0.281005859375
0.27490234375
0.281005859375
0.25390625
0.2509765625
0.23193359375
0.194091796875
0.258056640625
0.31103515625
0.2978515625
0.258056640625
0.301025390625
0.2841796875
0.2919921875
0.298828125
0.281005859375
0.2470703125
0.26806640625
0.235107421875
0.242919921875
0.212890625
0.265869140625
0.296875
0.286865234375
0.367919921875
0.27294921875
0.261962890625
0.30517578125
0.2568359375
0.2412109375
0.276123046875
0.26416015625
0.31298828125
0.26611328125
0.260986328125
0.277099609375
0.27001953125
0.31201171875
0.259033203125
0.327880859375
0.313232421875
0.214111328125
0.296875
0.248046875
0.27490234375
0.255859375
0.3369140625
0.291015625
0.2509765625
0.31103515625
0.402099609375
0.322021484375
0.27001953125
0.285888671875
0.226806640625
0.22412109375
0.297119140625
0.291015625
0.338134765625
0.2509765625
0.294921875
0.322021484375
0.276123046875
0.208984375
0.260009765625
0.279052734375
0.2119140625
0.216064453125
0.297119140625
0.297119140625
0.278076171875
0.264892578125
0.303955078125
0.260009765625
0.303955078125
0.23095703125
0.26806640625
0.27197265625
0.258056640625
0.258056640625
0.22607421875
0.282958984375
0.27490234375
0.244140625
0.25390625
0.252197265625
0.31201171875
0.197021484375
0.30908203125
0.300048828125
0.282958984375
0.231201171875
0.257080078125
0.26708984375
0.264892578125
0.259033203125
0.25390625
0.253173828125
0.27392578125
0.253173828125
0.21923828125
0.2470703125
0.257080078125
0.251953125
0.27783203125
0.281982421875
0.212158203125
0.2958984375
0.219970703125
0.302001953125
0.35986328125
0.275146484375
0.281005859375
0.3310546875
0.2548828125
0.23291015625
0.26904296875
0.283935546875
0.248779296875
0.238037109375
0.239990234375
0.256103515625
0.26708984375
0.261962890625
0.256103515625
0.285888671875
0.303955078125
0.278076171875
0.212890625
0.29296875
0.263916015625
0.222900390625
0.261962890625
0.240966796875
0.2890625
0.27490234375
0.283935546875
0.27099609375
0.31201171875
0.285888671875
0.220947265625
0.31201171875
0.2451171875
0.239990234375
0.308837890625
0.295166015625
0.302978515625
0.26904296875
0.239013671875
0.308837890625
0.23193359375
0.277099609375
0.273193359375
0.277099609375
0.27099609375
0.363037109375
0.343017578125
0.267822265625
0.300048828125
0.49609375
0.30908203125
0.280029296875
0.255859375
0.2470703125
0.266845703125
0.35595703125
0.302001953125
0.251953125
0.26611328125
0.289794921875
0.248046875
0.217041015625
0.277099609375
0.2587890625
0.26806640625
0.214111328125
0.25
0.2900390625
0.281005859375
0.22021484375
0.240966796875
0.23681640625
0.2080078125
0.303955078125
0.35791015625
0.31005859375
0.2939453125
0.218994140625
0.260986328125
0.26220703125
0.2939453125
0.30908203125
0.247802734375
0.277099609375
0.302001953125
0.235107421875
0.239990234375
0.320068359375
0.2587890625
0.281005859375
0.281005859375
0.26513671875
0.27783203125
0.239990234375
0.221923828125
0.402099609375
0.285888671875
0.255859375
0.300048828125
0.360107421875
0.27099609375
0.3388671875
0.239013671875
0.2978515625
0.306884765625
0.251953125
0.239990234375
0.22705078125
0.27197265625
0.31494140625
0.22802734375
0.295166015625
0.217041015625
0.23193359375
0.241943359375
0.259033203125
0.26708984375
0.276123046875
0.238037109375
0.264892578125
0.26708984375
0.301025390625
0.263916015625
0.279052734375
0.27392578125
0.261962890625
0.242919921875
0.260986328125
0.264892578125
0.291015625
0.235107421875
0.27001953125
0.27197265625
0.260009765625
0.245849609375
0.27001953125
0.336181640625
0.236083984375
0.27001953125
0.25
0.282958984375
0.2919921875
0.301025390625
0.2158203125
0.223876953125
0.2099609375
0.27392578125
0.27294921875
0.264892578125
0.18994140625
0.2109375
0.236083984375
0.23291015625
0.2509765625
0.23095703125
0.201904296875
0.22802734375
