8.77392578125
15.030029296875
9.7470703125
7.81103515625
9.55322265625
9.718994140625
8.056884765625
11.279052734375
10.5048828125
8.031982421875
7.9189453125
9.3779296875
8.055908203125
7.9970703125
7.056884765625
9.28076171875
8.469970703125
8.199951171875
8.345947265625
9.571044921875
8.5771484375
9.39306640625
8.588134765625
8.012939453125
9.637939453125
7.111083984375
8.35693359375
8.261962890625
8.842041015625
9.22998046875
9.367919921875
8.174072265625
11.62890625
8.367919921875
8.428955078125
10.482177734375
7.826904296875
8.77490234375
9.323974609375
7.4599609375
9.367919921875
10.1201171875
11.01904296875
10.150146484375
8.446044921875
8.4990234375
8.2958984375
9.762939453125
10.114990234375
8.1630859375
8.460205078125
9.049072265625
9.238037109375
7.510009765625
9.659912109375
8.77197265625
8.575927734375
9.69189453125
8.658935546875
8.232177734375
8.576904296875
8.886962890625
8.319091796875
8.10205078125
8.656005859375
8.549072265625
8.572021484375
8.677001953125
8.324951171875
8.462158203125
8.02294921875
9.25
8.62109375
9.510986328125
8.410888671875
9.114013671875
8.654052734375
8.527099609375
8.525146484375
9.62109375
8.6650390625
9.30810546875
8.322021484375
7.55908203125
9.338134765625
7.987060546875
9.7861328125
8.39794921875
10.587890625
9.098876953125
8.285888671875
8.72509765625
11.866943359375
9.06982421875
8.736083984375
9.23095703125
7.806884765625
9.546142578125
8.490966796875
9.410888671875
9.77392578125
8.427001953125
7.662841796875
8.654052734375
7.2529296875
9.25
7.968994140625
8.77685546875
8.27587890625
8.81005859375
8.907958984375
8.899169921875
7.583984375
9.8291015625
9.360107421875
8.6220703125
9.1708984375
7.5830078125
8.56787109375
8.39697265625
9.623046875
8.408203125
7.672119140625
9.31103515625
8.64306640625
8.865966796875
9.239990234375
9.791015625
9.0419921875
8.421142578125
9.236083984375
8.5361328125
8.4541015625
9.451171875
9.18310546875
8.412109375
8.094970703125
11.071044921875
9.0478515625
9.3349609375
8.196044921875
8.58203125
7.801025390625
10.01513671875
9.511962890625
7.654052734375
9.5029296875
9.466064453125
8.869140625
8.362060546875
9.9990234375
9.157958984375
8.47412109375
9.282958984375
7.928955078125
8.618896484375
9.14697265625
8.27099609375
9.8798828125
8.556884765625
9.552001953125
7.887939453125
9.296875
8.364013671875
9.85009765625
9.1201171875
8.318115234375
9.080078125
7.950927734375
8.8798828125
9.4189453125
8.984130859375
8.81494140625
9.889892578125
8.7138671875
7.2890625
9.238037109375
8.578125
8.991943359375
8.787109375
8.773193359375
8.10205078125
8.782958984375
8.345947265625
9.079833984375
9.9208984375
8.26904296875
8.694091796875
8.489990234375
8.5859375
8.593017578125
8.3798828125
9.84619140625
8.89599609375
8.32177734375
8.593994140625
8.26611328125
8.656005859375
8.658935546875
7.7919921875
9.39306640625
10.193115234375
9.965087890625
8.126953125
9.099853515625
8.43896484375
8.802001953125
9.055908203125
7.774169921875
9.4169921875
9.593017578125
7.929931640625
9.40283203125
8.380859375
9.0439453125
8.530029296875
9.806884765625
8.902099609375
9.198974609375
7.717041015625
10.138916015625
7.86083984375
8.761962890625
8.56005859375
10.161865234375
8.89794921875
8.007080078125
9.299072265625
9.14404296875
9.7470703125
7.947021484375
9.942138671875
8.05908203125
8.93505859375
9.044189453125
9.009033203125
10.282958984375
8.34814453125
9.857177734375
8.77490234375
9.155029296875
9.864990234375
9.172119140625
8.677978515625
8.77294921875
8.68798828125
8.319091796875
8.85693359375
8.858154296875
8.52294921875
9.05810546875
8.97900390625
8.153076171875
8.22998046875
8.5849609375
8.90087890625
8.492919921875
9.731201171875
7.994873046875
9.286865234375
9.5029296875
10.991943359375
9.81884765625
7.9169921875
9.692138671875
8.97802734375
8.941162109375
8.98193359375
9.308837890625
8.805908203125
9.156982421875
9.575927734375
9.090087890625
9.43603515625
8.775146484375
9.64404296875
8.492919921875
9.47509765625
7.52099609375
9.0029296875
9.40185546875
8.4169921875
9.47802734375
9.008056640625
8.619873046875
9.06591796875
7.56494140625
9.89892578125
8.737060546875
8.489990234375
8.445068359375
9.989013671875
9.390869140625
9.27490234375
9.2109375
8.587890625
7.949951171875
9.192138671875
8.9169921875
8.908935546875
9.154052734375
9.66796875
8.738037109375
8.2509765625
8.93994140625
7.919921875
8.68310546875
9.778076171875
9.40185546875
9.205078125
8.0400390625
11.421875
8.9599609375
8.734130859375
9.5029296875
8.10400390625
9.779052734375
11.453125
8.93603515625
9.590087890625
9.419921875
8.672119140625
8.487060546875
7.634033203125
9.02197265625
7.559814453125
8.619873046875
7.678955078125
9.674072265625
9.031005859375
8.44091796875
7.472900390625
9.989013671875
9.285888671875
9.27001953125
9.89501953125
8.364013671875
9.23291015625
8.752197265625
8.800048828125
9.6611328125
8.803955078125
8.462890625
10.098876953125
9.29296875
8.574951171875
8.60498046875
8.158203125
10.56298828125
9.0048828125
8.494140625
8.965087890625
8.643798828125
9.662841796875
8.81298828125
9.033935546875
9.1240234375
8.06103515625
9.117919921875
10.44091796875
8.2421875
9.39306640625
8.8720703125
10.041015625
8.458984375
7.78515625
9.218017578125
9.838134765625
8.0830078125
8.64892578125
9.30517578125
8.68701171875
10.18017578125
8.532958984375
8.455810546875
8.970947265625
8.8330078125
9.5830078125
8.261962890625
8.802978515625
8.26708984375
9.716064453125
9.233154296875
9.208984375
8.97412109375
8.6650390625
7.56689453125
9.06005859375
8.886962890625
9.046142578125
8.06201171875
9.505126953125
8.279052734375
9.710205078125
8.864990234375
8.295166015625
10.172119140625
8.696044921875
10.446044921875
8.09619140625
9.236083984375
8.928955078125
9.06787109375
8.924072265625
9.27099609375
8.373046875
11.52587890625
10.998046875
10.804931640625
9.577880859375
9.851806640625
11.822998046875
10.734130859375
10.4130859375
9.299072265625
8.505126953125
9.902099609375
9.76708984375
8.60205078125
8.843994140625
9.64794921875
8.0419921875
8.802978515625
9.363037109375
9.447998046875
9.528076171875
7.876220703125
9.712890625
9.56884765625
9.2548828125
9.8798828125
9.64990234375
8.780029296875
8.60595703125
8.911865234375
10.39501953125
7.5869140625
9.921875
9.2978515625
8.298828125
9.29296875
7.537109375
9.773193359375
8.6669921875
8.1591796875
7.916015625
8.994873046875
9.51904296875
10.02001953125
9.006103515625
10.199951171875
9.08984375
8.64404296875
8.951904296875
9.180908203125
10.43896484375
8.197998046875
9.639892578125
7.62109375
9.85107421875
9.925048828125
9.841796875
8.89892578125
8.822998046875
9.200927734375
8.477783203125
9.739990234375
8.47509765625
9.367919921875
8.677978515625
