42.55908203125
21.143798828125
21.094970703125
22.96484375
21.640869140625
19.784912109375
20.737060546875
21.04296875
21.783203125
20.488037109375
21.2939453125
20.801025390625
21.630126953125
21.177978515625
21.593017578125
21.06103515625
20.949951171875
22.7080078125
20.923095703125
21.85302734375
21.143798828125
21.2939453125
20.987060546875
21.08203125
21.455810546875
21.77685546875
21.46484375
22.72509765625
21.474853515625
21.901123046875
22.619873046875
21.332763671875
21.284912109375
23.446044921875
22.365966796875
23.09619140625
22.052001953125
19.942138671875
21.66796875
19.9501953125
20.801025390625
20.31396484375
20.481201171875
21.071044921875
22.571044921875
23.2529296875
22.22509765625
22.58203125
22.386962890625
24.73388671875
24.822998046875
23.429931640625
22.449951171875
23.0859375
22.93408203125
23.87109375
22.423828125
24.011962890625
21.40380859375
24.14404296875
22.921875
22.3759765625
23.097900390625
23.503173828125
24.2939453125
23.89404296875
25.383056640625
23.593017578125
22.958984375
21.2900390625
22.241943359375
21.1728515625
22.510009765625
20.327880859375
20.578125
23.037841796875
21.0390625
20.758056640625
21.337158203125
20.503173828125
20.786865234375
21.72802734375
21.34716796875
22.432861328125
3.862060546875
0
0
0
0
0
0
42.12890625
23.153076171875
22.2939453125
24.06201171875
22.301025390625
21.89404296875
20.60693359375
21.391845703125
21.275146484375
22.365966796875
22.1181640625
21.838134765625
21.65283203125
20.841064453125
21.424072265625
22.33984375
21.470947265625
20.75390625
20.495849609375
21.85205078125
21.677978515625
20.6279296875
21.591064453125
20.760009765625
22.875
20.72607421875
20.742919921875
22.3720703125
21.76611328125
21.579833984375
22.48095703125
22.010009765625
23.473876953125
22.0830078125
22.653076171875
22.299072265625
21.7529296875
22.218994140625
23.412109375
19.301025390625
19.655029296875
18.7900390625
18.89697265625
20.7978515625
20.577880859375
19.030029296875
21.5009765625
19.626953125
20.72998046875
20.364013671875
20.29296875
19.52197265625
20.697998046875
20.8271484375
20.035888671875
21.421142578125
22.48681640625
21.361083984375
19.927001953125
20.85400390625
21.616943359375
22.47314453125
21.885986328125
22.43994140625
22.299072265625
22.576904296875
22.619140625
22.8798828125
21.06591796875
21.037841796875
22.032958984375
22.8388671875
20.986083984375
23.35400390625
21.77294921875
3.154052734375
0
0
0
0
0
0
37.27099609375
21.2138671875
23.4931640625
22.911865234375
21.6640625
21.68701171875
21.35498046875
21.873046875
21.1240234375
20.512939453125
20.2490234375
21.43212890625
21.77392578125
21.705078125
21.7958984375
21.846923828125
21.5888671875
20.942138671875
20.697021484375
21.349853515625
21.77294921875
20.0458984375
20.861083984375
22.349853515625
20.72998046875
21.196044921875
20.554931640625
21.039794921875
22.10205078125
21.251953125
21.0751953125
21.602783203125
20.908203125
20.5859375
21.8779296875
21.7490234375
21.803955078125
20.662109375
20.6728515625
20.864013671875
20.916015625
21.195068359375
21.35888671875
21.26806640625
21.523193359375
21.31591796875
21.239013671875
22.552001953125
22.10107421875
21.9912109375
23.153076171875
15.864013671875
21.72998046875
20.31103515625
20.77392578125
21.400146484375
21.865966796875
22.405029296875
21.949951171875
20.3291015625
22.827880859375
22.239013671875
21.344970703125
23.205078125
20.699951171875
20.69091796875
23.1591796875
22.658935546875
22.2470703125
21.264892578125
22.748046875
21.22802734375
22.7060546875
23.05810546875
22.4150390625
22.35205078125
22.77490234375
22.763916015625
23.176025390625
22.4921875
22.675048828125
22.80712890625
22.761962890625
23.882080078125
24.77197265625
23.93505859375
23.18896484375
20.59814453125
22.489013671875
22.81396484375
22.9541015625
21.510009765625
22.298095703125
22.512939453125
22.218994140625
21.744873046875
22.259765625
20.761962890625
23.215087890625
21.370849609375
22.10205078125
20.447998046875
20.755126953125
22.80712890625
20.926025390625
22.445068359375
21.65087890625
20.822021484375
22.05712890625
22.619140625
22.0830078125
22.715087890625
21.02099609375
21.81396484375
21.402099609375
22.14697265625
