3.1689453125
2.587158203125
2.747802734375
2.85888671875
2.906005859375
3.14013671875
2.8720703125
2.85205078125
2.85693359375
3.0830078125
2.719970703125
3.1171875
2.781005859375
2.9140625
2.801025390625
3.2861328125
2.99609375
2.950927734375
3.01806640625
2.9951171875
3.045166015625
2.723876953125
2.68212890625
2.795166015625
2.884033203125
3.305908203125
3.237060546875
2.927001953125
2.933837890625
2.90087890625
3.009033203125
3.10107421875
2.9970703125
2.911865234375
2.929931640625
3.037109375
2.840087890625
2.93212890625
3.06201171875
2.9150390625
2.96484375
3.031005859375
2.72607421875
2.77197265625
0
2.94189453125
3.048095703125
3.14794921875
3.25
4.0791015625
3.02392578125
3.551025390625
2.98681640625
3.10400390625
3.02978515625
3.10205078125
3.054931640625
3.319091796875
3.007080078125
3.0458984375
3.05908203125
3.001953125
2.97900390625
3.136962890625
3.01904296875
3.117919921875
3.4150390625
3.31396484375
2.72509765625
3.0458984375
2.801025390625
2.802001953125
2.864990234375
3.47607421875
2.845947265625
2.9189453125
3.06689453125
3.04296875
3.0048828125
2.89501953125
2.90087890625
3.112060546875
2.81982421875
2.89208984375
0
0
0
0
0
0
0
0
3.10302734375
3.416015625
2.962890625
3.115966796875
3.014892578125
2.951171875
3.251953125
2.76904296875
2.77490234375
3.158935546875
3.06689453125
2.716064453125
2.885986328125
2.884033203125
2.89208984375
2.85302734375
3.23193359375
2.989013671875
2.9150390625
2.97412109375
3.298095703125
2.967041015625
3.024169921875
3.221923828125
2.802001953125
2.93994140625
2.906005859375
2.744873046875
2.945068359375
3.112060546875
2.998779296875
2.9130859375
2.967041015625
2.965087890625
2.711181640625
2.736083984375
2.89892578125
2.83203125
2.97802734375
2.904052734375
2.81494140625
2.6689453125
3.078125
3.2568359375
2.841796875
2.76904296875
2.794189453125
2.76806640625
2.996826171875
2.66796875
2.708984375
5.127197265625
3.255126953125
2.871826171875
3.01708984375
3.119873046875
2.77001953125
2.77294921875
2.89306640625
3.23095703125
3.18310546875
3.24609375
3.18408203125
2.856201171875
2.9609375
2.948974609375
2.97412109375
3.2919921875
2.839111328125
2.9560546875
2.962890625
2.721923828125
3.566162109375
2.68603515625
0
0
0
0
0
0
0
2.77490234375
3.011962890625
3.14697265625
2.905029296875
3.02197265625
2.914794921875
3.25
2.946044921875
2.87890625
2.89501953125
2.711181640625
2.7041015625
2.711181640625
3.044921875
2.85400390625
2.950927734375
2.85498046875
2.819091796875
2.87890625
2.953857421875
2.879150390625
2.966064453125
2.900146484375
3.010009765625
2.671875
2.74609375
2.948974609375
2.807861328125
2.916015625
2.869873046875
2.841064453125
2.9169921875
2.876953125
3.072998046875
3.43310546875
2.93798828125
2.958984375
3.16796875
3.196044921875
3.14697265625
2.84912109375
3.15283203125
2.6298828125
2.95703125
2.99609375
2.927978515625
3.10595703125
2.929931640625
3.17822265625
3.112060546875
2.989013671875
2.915771484375
2.945068359375
2.891845703125
2.951171875
2.923828125
2.7958984375
2.947998046875
2.873046875
2.713134765625
3.080078125
2.963134765625
3.04296875
3.010986328125
2.927978515625
3.0439453125
3.0390625
3.056884765625
3.0908203125
2.9990234375
2.99609375
3.073974609375
3.02001953125
3.02294921875
2.89794921875
3.015869140625
3.156982421875
2.97607421875
0
3.008056640625
2.9619140625
2.98486328125
3.133056640625
3.177001953125
3.19091796875
2.878173828125
2.885986328125
3.038818359375
2.9580078125
3.386962890625
3.072998046875
2.928955078125
2.9970703125
3.34521484375
3.127197265625
2.997802734375
3.2529296875
2.93701171875
2.9599609375
2.866943359375
3.13818359375
2.739990234375
3.054931640625
3.006103515625
2.951171875
3.0419921875
3.010009765625
3.218994140625
3.0048828125
3.178955078125
3.468017578125
3.001953125
3.072998046875
3.026123046875
2.947998046875
2.946044921875
