13.072021484375
9.902099609375
9.655029296875
7.365966796875
12.6240234375
11.130859375
7.248779296875
7.172119140625
7.370849609375
8.407958984375
11.291015625
7.320068359375
8.844970703125
9.135986328125
7.445068359375
11.859130859375
7.9169921875
11.23291015625
7.72314453125
8.327880859375
9.046875
11.23095703125
11.35107421875
7.590087890625
7.469970703125
9.183837890625
9.4130859375
11.765869140625
9.154052734375
8.077880859375
11.6171875
9.12109375
11.15380859375
8.873046875
9.13916015625
7.48388671875
11.240966796875
11.534912109375
11.7080078125
8.68798828125
11.27197265625
8.94189453125
8.970947265625
8.7880859375
8.89013671875
9.13916015625
8.983154296875
9.132080078125
11.429931640625
13.65185546875
8.94091796875
8.694091796875
9.48193359375
8.906982421875
11.14599609375
11.677001953125
11.2568359375
9.510986328125
9.429931640625
9.343994140625
9.222900390625
11.3740234375
10.14501953125
9.356201171875
12.64013671875
9.690185546875
8.9501953125
10.60693359375
7.31201171875
8.119140625
8.97705078125
8.35205078125
12.27587890625
10.35986328125
11.818115234375
10.155029296875
10.488037109375
7.375
10.904052734375
11.016845703125
12.40087890625
8.0859375
9.092041015625
10.161865234375
8.491943359375
11.27099609375
7.85595703125
7.43505859375
7.532958984375
11.783935546875
15.633056640625
10.6650390625
13.10888671875
12.8681640625
11.325927734375
11.596923828125
11.739013671875
11.541015625
7.083984375
12.31298828125
8.90185546875
8.98193359375
11.47607421875
11.572021484375
11.236083984375
11.05712890625
11.048828125
10.906005859375
8.48095703125
8.8349609375
11.679931640625
11.01904296875
11.345947265625
10.72802734375
10.202880859375
9.41796875
8.46484375
8.455078125
8.7080078125
9.619140625
11.573974609375
11.472900390625
11.192138671875
11.396240234375
9.239013671875
9.070068359375
10.193115234375
8.4599609375
8.77587890625
9.125
11.1708984375
7.251953125
7.22900390625
7.35107421875
7.322021484375
7.248046875
7.365966796875
7.196044921875
7.368896484375
7.31396484375
7.51318359375
7.197998046875
7.5009765625
13.523193359375
10.7841796875
10.67919921875
10.589111328125
7.43603515625
11.427001953125
10.398193359375
8.89599609375
8.6689453125
9.31689453125
11.51904296875
7.3662109375
8.0009765625
9.18798828125
9.2587890625
7.592041015625
10.35400390625
9.099853515625
9.010986328125
7.51806640625
11.591064453125
7.514892578125
10.85498046875
9.198974609375
7.382080078125
9.85498046875
8.572998046875
8.0
8.294921875
13.10107421875
10.697021484375
12.178955078125
12.22900390625
11.444091796875
11.39794921875
11.136962890625
9.0009765625
9.905029296875
7.27392578125
10.30810546875
7.344970703125
11.260009765625
8.10791015625
8.3359375
10.4921875
12.18310546875
10.573974609375
11.427978515625
10.5390625
9.64404296875
7.251953125
10.658203125
10.334228515625
10.64892578125
11.080078125
10.51806640625
10.54296875
10.674072265625
11.06396484375
10.74609375
11.1640625
9.801025390625
10.5791015625
11.4189453125
11.737060546875
11.81396484375
7.380859375
10.81689453125
10.620849609375
7.634033203125
10.927001953125
10.89794921875
10.784912109375
10.757080078125
7.342041015625
10.5380859375
11.094970703125
9.97998046875
11.1181640625
11.264892578125
9.697998046875
7.323974609375
11.56494140625
11.156005859375
10.821044921875
11.051025390625
9.0830078125
11.30419921875
11.066162109375
9.044921875
11.547119140625
11.31005859375
8.926025390625
11.041015625
11.81298828125
11.635009765625
9.173095703125
10.910888671875
11.6259765625
11.30908203125
10.97412109375
10.97802734375
10.881103515625
8.7900390625
12.03515625
11.98291015625
9.06591796875
10.551025390625
11.031982421875
11.361083984375
9.708984375
11.932861328125
11.328857421875
9.6279296875
13.610107421875
10.636962890625
10.93896484375
11.822021484375
11.6630859375
11.46923828125
7.52392578125
9.591796875
9.162109375
10.52099609375
11.679931640625
11.4970703125
11.705078125
11.548095703125
11.932861328125
12.05712890625
12.011962890625
11.738037109375
11.656982421875
11.7099609375
11.898193359375
11.8671875
11.782958984375
11.873046875
8.31689453125
12.010986328125
11.72607421875
11.886962890625
13.965087890625
11.9208984375
9.216064453125
11.68798828125
