0.072021484375
0.148193359375
0.31103515625
0.31298828125
0.12890625
0.135009765625
0.135986328125
0.136962890625
0.15087890625
0.12890625
0.18994140625
0.119873046875
0.218017578125
0.137939453125
0.137939453125
0.141845703125
0.157958984375
0.14111328125
0.156005859375
0.151123046875
0.149169921875
0.140869140625
0.19384765625
0.14697265625
0.128173828125
0.172119140625
0.1318359375
0.180908203125
0.116943359375
0.11279296875
0.160888671875
0.16015625
0.14306640625
0.156982421875
0.14794921875
0.134033203125
0.1220703125
0.14501953125
0.118896484375
0.1640625
0.14404296875
0.14990234375
0.1201171875
0.135009765625
0.177978515625
0.16015625
0.135986328125
0.19384765625
0.131103515625
0.135009765625
0.1650390625
0.148193359375
0.157958984375
0.125
0.159912109375
0.1220703125
0.138916015625
0.14599609375
0.15087890625
0.1259765625
0.1328125
0.15087890625
0.135009765625
0.14111328125
0.14306640625
0.14892578125
0.156005859375
0.114990234375
0.151123046875
0.160888671875
0.1298828125
0.151123046875
0.14599609375
0.15185546875
0.14794921875
0.14501953125
0.1220703125
0.1708984375
0.130859375
0.147216796875
0.150146484375
0.122802734375
0.139892578125
0.14697265625
0.172119140625
0.166015625
0.14404296875
0.1689453125
0.125
0.140869140625
0.123046875
0.14599609375
0.133056640625
0.117919921875
0.130126953125
0.1650390625
0.142822265625
0.1171875
0.131103515625
0.16796875
0.14697265625
0.115966796875
0.117919921875
0.218994140625
0
0
0
0
0
0
0
0.1240234375
0.132080078125
0.130126953125
0.133056640625
0.13916015625
0.14013671875
0.14990234375
0.203857421875
0.196044921875
0.1279296875
0.14501953125
0.14501953125
0.152099609375
0.135009765625
0.135009765625
0.1328125
0.135009765625
0.136962890625
0.170166015625
0.154052734375
0
0
0
0
0
0
0
0
0
0
0
0
0.13916015625
0.19482421875
0.148193359375
0.168212890625
0
0.06689453125
0.122802734375
0.140869140625
0.162109375
0.125
0.135009765625
0.18115234375
0.156005859375
0.132080078125
0.143798828125
0.178955078125
0.119873046875
0.1279296875
0.128173828125
0.135986328125
0.154052734375
0.14892578125
0.135009765625
0.14501953125
0.15087890625
0.127197265625
0.12109375
0.14501953125
0.126953125
0.1611328125
0.15185546875
0.1220703125
0.14013671875
0.12109375
0.10986328125
0.156982421875
0.1279296875
0.11181640625
0.112060546875
0.135009765625
0.1240234375
0.135009765625
0.139892578125
0.115966796875
0.116943359375
0.117919921875
0.114990234375
0.1220703125
0.15478515625
0.136962890625
0.115966796875
0.153076171875
0.12109375
0.14306640625
0.15185546875
0.115966796875
0.127197265625
0.119873046875
0.15185546875
0.123046875
0.120849609375
0.114013671875
0.133056640625
0.1220703125
0.152099609375
0.123046875
0.130126953125
0.114990234375
0.126953125
0
0
0
0
0
0
0
0.06689453125
0.1181640625
0.136962890625
0.133056640625
0.117919921875
0.1328125
0.113037109375
0.1259765625
0.114990234375
0.116943359375
0.126953125
0.127197265625
0.1171875
0.12109375
0.135009765625
0.134033203125
0.138916015625
0.14990234375
0.14208984375
0
0
0
0
0
0
0
0
0
0
0.052978515625
0.134033203125
0.119140625
0.135009765625
0.1220703125
0.11181640625
0.14892578125
0.11181640625
0.119873046875
0.118896484375
0.115966796875
0.19189453125
0.131103515625
0.120849609375
0.10986328125
0.114013671875
0.126953125
0.131103515625
0.119140625
0.112060546875
0.11083984375
0.11279296875
0.116943359375
0.119873046875
0.16015625
0.1220703125
0.1259765625
0.114990234375
0.133056640625
0.112060546875
0.118896484375
0.135986328125
0.1259765625
0.122802734375
0.1171875
0.1279296875
0.117919921875
0.120849609375
0.1240234375
0.134033203125
0.171875
0.1220703125
0.14697265625
0.115966796875
0.113037109375
0.116943359375
0.120849609375
0.113037109375
0.156982421875
0.1259765625
0.126953125
0.134033203125
0.116943359375
0.118896484375
0.176025390625
0.126953125
0.1630859375
0.14892578125
0.114013671875
0.126953125
0.14013671875
0.134033203125
0
0
0
0
0
0
0
0.067138671875
0.1220703125
0.120849609375
0.134033203125
0.117919921875
0.120849609375
0.132080078125
0.141845703125
0.128173828125
0.181884765625
0.125
0.123046875
0.1318359375
0.135009765625
0.14404296875
0.1708984375
0.35791015625
0
0
0
0
0
0
0
0
0
0
0.054931640625
0.135986328125
0.12109375
0.1640625
0.125
0.1240234375
0.115234375
0.14794921875
0.131103515625
0.114990234375
0.14306640625
0.123046875
0.12109375
0.115966796875
0.125
0.1240234375
0.126953125
0.14208984375
0.14599609375
0.125
0.127197265625
0.14111328125
0.115966796875
0.111083984375
0.141845703125
0.111083984375
0.13818359375
0.1240234375
0.141845703125
0.139892578125
0.132080078125
0.1279296875
0.116943359375
0.114013671875
0.113037109375
0.1220703125
0.113037109375
0.1259765625
0.116943359375
0.126953125
0.116943359375
0.12890625
0.133056640625
0.127197265625
0.143798828125
0.136962890625
0.114013671875
0.12890625
0.116943359375
0.126953125
0.11376953125
0.140869140625
0.118896484375
0.130859375
0.115234375
0.132080078125
0.1201171875
0.1201171875
0.114990234375
0.140869140625
0.135986328125
0.1259765625
0.118896484375
0
0
0
0
0
0
0.072021484375
0.133056640625
0.147216796875
0.135986328125
0.115966796875
0.114990234375
0.11083984375
0.114013671875
0.115966796875
0.123046875
0.14013671875
0.114990234375
0.157958984375
0.135009765625
0.1298828125
0.1181640625
0.133056640625
0.14892578125
0
0
0
0
0
0
0
0
0
0
0.07421875
0.125
0.137939453125
0.155029296875
0
0.052978515625
0
0.052978515625
0.1162109375
0.127197265625
0.13916015625
0.11376953125
0.117919921875
0.1279296875
0.136962890625
0.132080078125
0.14111328125
0.131103515625
0.150146484375
0.118896484375
0.11083984375
0.115966796875
0.112060546875
0.1220703125
0.14599609375
0.1240234375
0.134033203125
0.19482421875
0.117919921875
