0.076904296875
0.052001953125
0.067138671875
0.069091796875
0.06201171875
0.06396484375
0.06591796875
0.052001953125
0.0791015625
0.055908203125
0.073974609375
0.051025390625
0.134033203125
0.06689453125
0.066162109375
0.073974609375
0.083984375
0.072021484375
0.0859375
0.076904296875
0.075927734375
0.072998046875
0.074951171875
0.073974609375
0.061767578125
0.077880859375
0.06103515625
0.108154296875
0.052978515625
0.0419921875
0.0927734375
0.0888671875
0.0869140625
0.0791015625
0.076171875
0.06494140625
0.053955078125
0.075927734375
0.052001953125
0.092041015625
0.074951171875
0.076904296875
0.052001953125
0.08203125
0.10888671875
0.079833984375
0.06494140625
0.10498046875
0.06494140625
0.057861328125
0.10595703125
0.081787109375
0.087158203125
0.044189453125
0.092041015625
0.058837890625
0.0751953125
0.072998046875
0.088134765625
0.06591796875
0.009033203125
0.010009765625
0.009033203125
0.009033203125
0.010009765625
0.007080078125
0.010986328125
0.0068359375
0.010009765625
0.010986328125
0.009033203125
0.009033203125
0.010986328125
0.009033203125
0.010009765625
0.009033203125
0.009033203125
0.010986328125
0.007080078125
0.008056640625
0.010009765625
0.006103515625
0.009033203125
0.010009765625
0.010009765625
0.009033203125
0.0087890625
0.008056640625
0.0068359375
0.007080078125
0.06005859375
0.0810546875
0.06591796875
0.05419921875
0.06689453125
0.0888671875
0.0810546875
0.053955078125
0.06494140625
0.093017578125
0.059814453125
0.061767578125
0.052001953125
0.093017578125
0
0
0
0
0
0
0
0.056884765625
0.068115234375
0.06396484375
0.07080078125
0.06689453125
0.076904296875
0.080078125
0.126953125
0.1240234375
0.06298828125
0.078125
0.0810546875
0.010009765625
0.007080078125
0.007080078125
0.009033203125
0.008056640625
0.008056640625
0.010009765625
0.010009765625
0
0
0
0
0
0
0
0
0
0
0
0
0.01416015625
0.088134765625
0.0810546875
0.094970703125
0
0.064208984375
0.06201171875
0.076904296875
0.10791015625
0.05908203125
0.06689453125
0.0810546875
0.083984375
0.069091796875
0.068115234375
0.06103515625
0.067138671875
0.070068359375
0.06396484375
0.073974609375
0.0888671875
0.0830078125
0.06494140625
0.078125
0.077880859375
0.06298828125
0.053955078125
0.073974609375
0.06201171875
0.096923828125
0.10009765625
0.06298828125
0.0791015625
0.06201171875
0.052978515625
0.0087890625
0.008056640625
0.0068359375
0.007080078125
0.009033203125
0.007080078125
0.009033203125
0.010009765625
0.0068359375
0.007080078125
0.006103515625
0.007080078125
0.0068359375
0.008056640625
0.009033203125
0.0068359375
0.009033203125
0.0068359375
0.007080078125
0.009033203125
0.006103515625
0.066162109375
0.06298828125
0.0830078125
0.06298828125
0.06103515625
0.052001953125
0.072998046875
0.05517578125
0.075927734375
0.052978515625
0.06689453125
0.053955078125
0.067138671875
0
0
0
0
0
0
0
0.06396484375
0.05615234375
0.072021484375
0.06103515625
0.05615234375
0.056884765625
0.052978515625
0.06591796875
0.053955078125
0.054931640625
0.06982421875
0.008056640625
0.007080078125
0.0078125
0.008056640625
0.007080078125
0.009033203125
0.007080078125
0.0068359375
0
0
0
0
0
0
0
0
0
0
0.0068359375
0.054931640625
0.052978515625
0.06396484375
0.06201171875
0.05078125
0.074951171875
0.052001953125
0.05615234375
0.05419921875
0.050048828125
0.058837890625
0.05712890625
0.053955078125
0.06396484375
0.052001953125
0.06005859375
0.05419921875
0.052001953125
0.052978515625
0.052001953125
0.048828125
0.052001953125
0.06103515625
0.094970703125
0.06005859375
0.06201171875
0.056884765625
0.06689453125
0.053955078125
0.057861328125
0.06396484375
0.009033203125
0.007080078125
0.0068359375
0.009033203125
0.008056640625
0.005859375
0.0078125
0.008056640625
0.011962890625
0.007080078125
0.009033203125
0.005859375
0.0068359375
0.005859375
0.006103515625
0.007080078125
0.010009765625
0.0068359375
0.05810546875
0.06201171875
0.05419921875
0.06396484375
0.093017578125
0.06591796875
0.09619140625
0.08203125
0.053955078125
0.057861328125
0.076904296875
0.06396484375
0
0
0
0
0
0
0
0.06201171875
0.056884765625
0.06005859375
0.06591796875
0.053955078125
0.06201171875
0.067138671875
0.065185546875
0.065185546875
0.093994140625
0.005859375
0.0068359375
0.008056640625
0.0078125
0.007080078125
0.007080078125
0.007080078125
0
0
0
0
0
0
0
0
0
0
0.006103515625
0.009033203125
0.06201171875
0.093994140625
0.061767578125
0.052001953125
0.052978515625
0.078125
0.05908203125
0.052001953125
0.05810546875
0.052978515625
0.053955078125
0.052978515625
0.05908203125
0.051025390625
0.050048828125
0.05419921875
0.052978515625
0.06396484375
0.06201171875
0.06201171875
0.056884765625
0.050048828125
0.06494140625
0.050048828125
0.0751953125
0.06201171875
0.072998046875
0.078857421875
0.071044921875
0.06494140625
0.057861328125
0.009033203125
0.007080078125
0.007080078125
0.006103515625
0.009033203125
0.008056640625
0.006103515625
0.007080078125
0.008056640625
0.008056640625
0.007080078125
0.010009765625
0.007080078125
0.005859375
0.008056640625
0.006103515625
0.009033203125
0.006103515625
0.06494140625
0.055908203125
0.06494140625
0.051025390625
0.055908203125
0.099853515625
0.05712890625
0.051025390625
0.0810546875
0.06396484375
0.055908203125
0.056884765625
0
0
0
0
0
0
0.05908203125
0.056884765625
0.0830078125
0.063232421875
0.053955078125
0.052001953125
0.051025390625
0.052978515625
0.052001953125
0.051025390625
0.077880859375
0.007080078125
0.010986328125
0.008056640625
0.008056640625
0.007080078125
0.0078125
0.007080078125
0
0
0
0
0
0
0
0
0
0
0.008056640625
0.007080078125
0.06298828125
0.0849609375
0
0.0458984375
0
0.050048828125
0.05908203125
0.05810546875
0.06396484375
0.051025390625
0.050048828125
0.087890625
0.06494140625
0.06787109375
0.074951171875
0.052978515625
0.066162109375
0.052978515625
0.0498046875
0.050048828125
0.050048828125
0.06201171875
0.0771484375
0.06201171875
0.06396484375
0.0888671875
0.05908203125
