3.318115234375
1.973876953125
2.071044921875
1.630859375
1.553955078125
1.52587890625
1.44384765625
1.5419921875
1.89990234375
1.6259765625
2.031982421875
1.48486328125
4.094970703125
1.58203125
1.508056640625
1.97509765625
2.06396484375
1.429931640625
1.611083984375
1.4140625
1.551025390625
2.072021484375
1.536865234375
1.4140625
2.733154296875
1.382080078125
1.309814453125
1.828125
1.287109375
1.421142578125
1.913818359375
2.299072265625
1.4970703125
1.965087890625
1.551025390625
1.177978515625
2.17822265625
1.9931640625
1.591064453125
1.547119140625
1.737060546875
1.782958984375
1.54296875
1.5400390625
1.87109375
1.64697265625
1.93701171875
1.884033203125
2.332763671875
1.60205078125
1.55517578125
1.7490234375
1.400146484375
1.4150390625
1.800048828125
1.2900390625
1.572021484375
1.888916015625
1.458984375
1.7021484375
2.574951171875
1.996826171875
1.761962890625
1.739013671875
1.364013671875
1.720947265625
2.06298828125
1.461181640625
1.942138671875
1.7099609375
1.64013671875
1.9658203125
2.77490234375
2.137939453125
1.431884765625
2.0751953125
2.109130859375
2.22705078125
1.700927734375
1.333984375
1.672119140625
1.554931640625
2.008056640625
1.919921875
2.370849609375
2.068115234375
2.025146484375
1.861083984375
1.56103515625
1.253173828125
1.510009765625
2.7060546875
1.485107421875
1.64794921875
1.55908203125
1.774169921875
2.221923828125
1.745849609375
1.59716796875
1.85205078125
1.976806640625
1.55810546875
1.431884765625
1.51513671875
1.567138671875
1.93994140625
2.02294921875
1.6220703125
1.952880859375
1.944091796875
2.06103515625
1.51708984375
1.39794921875
1.52001953125
1.69189453125
1.7490234375
1.69384765625
1.574951171875
2.5400390625
2.524169921875
2.3349609375
1.760009765625
1.509033203125
1.465087890625
1.6220703125
1.39599609375
1.59716796875
1.51611328125
1.618896484375
1.585205078125
2.036865234375
1.5830078125
2.244873046875
1.81103515625
1.800048828125
1.60302734375
1.3291015625
1.5087890625
1.7890625
1.5400390625
1.45703125
1.416015625
1.691162109375
1.4599609375
2.302978515625
1.560791015625
1.48193359375
1.9150390625
1.56591796875
1.241943359375
1.780029296875
1.653076171875
1.341064453125
1.47705078125
1.64599609375
1.653076171875
2.238037109375
1.882080078125
1.594970703125
1.56396484375
2.056884765625
1.93798828125
2.033935546875
1.697998046875
1.93701171875
1.4150390625
1.889892578125
1.593017578125
2.362060546875
1.468017578125
1.68505859375
1.722900390625
2.3251953125
1.81591796875
1.299072265625
1.889892578125
1.3388671875
1.410888671875
1.6259765625
1.7041015625
2.403076171875
1.85791015625
1.670166015625
1.46484375
1.958984375
1.881103515625
1.611083984375
1.690185546875
1.5859375
1.3271484375
1.296142578125
1.89306640625
2.922119140625
1.859130859375
1.647216796875
1.5400390625
1.35107421875
1.517822265625
1.653076171875
1.552978515625
1.2900390625
1.34912109375
1.47998046875
1.606201171875
1.80810546875
1.7919921875
1.683837890625
1.7041015625
1.591064453125
1.514892578125
1.5
1.658935546875
1.72509765625
1.5830078125
1.412841796875
1.970947265625
1.97412109375
1.5791015625
1.33203125
1.285888671875
1.583984375
1.583984375
1.467041015625
1.683837890625
1.5869140625
1.323974609375
1.406005859375
1.551025390625
1.89208984375
1.700927734375
1.364013671875
1.738037109375
1.554931640625
1.56103515625
1.51513671875
1.706787109375
1.824951171875
1.60986328125
1.4580078125
1.4619140625
2.203857421875
1.462158203125
1.458984375
1.763916015625
1.68994140625
2.246826171875
1.4130859375
1.4111328125
1.297119140625
1.690185546875
1.68310546875
1.618896484375
2.131103515625
1.620849609375
1.765869140625
1.408935546875
1.5791015625
1.70703125
1.568115234375
1.791015625
1.76708984375
1.731201171875
1.307861328125
1.56689453125
2.238037109375
1.739013671875
1.713134765625
1.632080078125
1.595947265625
1.544921875
1.674072265625
1.64990234375
2.389892578125
1.56103515625
1.635009765625
1.906005859375
2.1220703125
1.513916015625
1.625
1.39599609375
1.590087890625
1.35888671875
1.626953125
1.524169921875
1.611083984375
1.60791015625
1.35498046875
1.51513671875
3.282958984375
2.152099609375
2.10791015625
1.570068359375
1.632080078125
1.60009765625
1.48876953125
1.617919921875
1.756103515625
1.53515625
1.715087890625
1.650146484375
2.27392578125
1.5009765625
1.867919921875
2.0029296875
1.791015625
1.424072265625
1.302978515625
1.677001953125
1.64111328125
1.204833984375
1.39599609375
1.375
2.24609375
1.696044921875
1.47998046875
1.359130859375
1.64111328125
1.73095703125
1.662841796875
1.4609375
1.29296875
1.60205078125
1.39892578125
1.783203125
1.908203125
1.595947265625
1.836181640625
1.648193359375
1.453125
1.74609375
1.68505859375
1.620849609375
1.592041015625
1.43896484375
1.3388671875
1.320068359375
2.0830078125
1.548095703125
2.02294921875
1.614013671875
1.7080078125
1.574951171875
1.428955078125
1.4580078125
1.28515625
1.35498046875
1.29296875
1.620849609375
1.953125
1.781982421875
1.673095703125
1.7451171875
1.2041015625
1.5439453125
1.703125
1.72802734375
1.64794921875
1.656005859375
1.698974609375
1.329833984375
2.258056640625
1.56591796875
1.343994140625
1.840087890625
1.648193359375
1.304931640625
1.578125
1.785888671875
1.4931640625
1.4140625
1.51611328125
1.76416015625
2.057861328125
1.5810546875
1.9580078125
1.39794921875
1.587890625
1.677978515625
1.22607421875
1.2900390625
1.599853515625
1.3779296875
1.469970703125
1.51513671875
2.18896484375
1.946044921875
1.56396484375
1.39599609375
2.30322265625
1.614013671875
1.323974609375
1.572998046875
1.6220703125
1.64013671875
1.580078125
1.297119140625
2.2041015625
1.97509765625
1.427978515625
1.58203125
1.3818359375
1.56201171875
1.302001953125
1.537109375
1.654052734375
1.510009765625
1.553955078125
1.591064453125
2.4970703125
1.5009765625
1.58203125
1.469970703125
1.722900390625
1.31396484375
1.504150390625
1.972900390625
1.343994140625
1.447998046875
1.515869140625
1.5869140625
1.927978515625
1.77001953125
1.373046875
1.717041015625
1.620849609375
2.219970703125
1.70703125
1.821044921875
1.56298828125
1.6630859375
1.43115234375
1.722900390625
2.3310546875
1.949951171875
1.782958984375
1.388916015625
1.717041015625
1.43701171875
1.450927734375
1.73388671875
1.613037109375
1.325927734375
1.551025390625
1.388916015625
2.613037109375
1.8271484375
1.39111328125
1.69921875
1.2880859375
1.425048828125
1.701904296875
1.405029296875
1.699951171875
1.43994140625
1.716796875
1.43505859375
2.177001953125
1.755859375
1.3330078125
1.475830078125
1.632080078125
1.445068359375
1.531005859375
1.630126953125
1.705078125
2.330810546875
1.51220703125
2.053955078125
2.656982421875
1.89697265625
