0
0
0
0
0
0
0
0
0
0
0
0
0
0
0
0
0
0
0
0
0
0
0
0
0
0
0
0
0
0
0
0
0
0
0
0
0
0
0
0
0
0
0
0
0
0
0
0
0
0
0
0
0
0
0
0
0
0
0
0
0
0
0
0
0
0
0
0
0
0
0
0
0
0
0
0
0
0
0
0
0
0
0
0
0
0
0
0
0
0
0
0
0
0
0
0
0
0
0
0
0
0
0
0
1.382080078125
1.318115234375
1.72314453125
1.6669921875
1.309814453125
1.826904296875
1.595947265625
1.72412109375
0
0
0
0
0
0
0
0
0
0
0
0
0
0
0
0
0
0
0
1.1611328125
1.59912109375
1.447998046875
1.77685546875
1.6240234375
1.58203125
1.553955078125
1.43115234375
1.571044921875
1.341796875
1.636962890625
1.844970703125
1.918212890625
0
0
0
1.343994140625
1.51611328125
0
0
0
0
0
0
0
0
0
0
0
0
0
0
0
0
0
0
0
0
0
0
0
0
0
0
0
0
0
0
0
0
0
0
0
0
0
0
0
0
0
0
0
0
0
0
0
0
0
0
0
0
0
0
0
0
0
0
0
0
0
0
0
2.27880859375
2.68505859375
3.2109375
3.16796875
3.532958984375
2.93408203125
2.930908203125
3.0849609375
0
0
0
0
0
0
0
0
0
0
0
0
0
0
0
0
0
0
3.151123046875
2.9599609375
3.76806640625
3.235107421875
3.758056640625
2.629150390625
2.93994140625
3.65576171875
2.8818359375
2.919921875
3.115966796875
0
0
0
0
0
0
0
0
0
0
0
0
0
0
0
0
0
0
0
0
0
0
0
0
0
0
0
0
0
0
0
0
0
0
0
0
0
0
0
0
0
0
0
0
0
0
0
0
0
0
0
0
0
0
0
0
0
0
0
0
0
2.156982421875
2.56201171875
2.83203125
2.385009765625
3.14599609375
2.27685546875
2.642822265625
2.72998046875
0
0
0
0
0
0
0
0
0
0
0
0
0
0
0
0
2.191162109375
2.470947265625
3.216064453125
2.6259765625
3.06201171875
2.39501953125
3.136962890625
2.94384765625
2.776123046875
2.306884765625
2.714111328125
0
0
0
0
0
0
0
0
0
0
0
0
0
0
0
0
0
0
0
0
0
0
0
0
0
0
0
0
0
0
0
0
0
0
0
0
0
0
0
0
0
0
0
0
0
0
0
0
0
0
0
0
0
0
0
0
0
0
0
0
0
0
2.27392578125
2.611083984375
2.2529296875
2.76416015625
2.49609375
2.93798828125
2.81103515625
0
0
0
0
0
0
0
0
0
0
0
0
0
0
0
0
0
1.990966796875
3.25390625
2.35400390625
3.0
2.39697265625
3.286865234375
2.573974609375
2.89697265625
3.109130859375
2.916015625
2.60400390625
0
0
0
2.02001953125
2.9599609375
2.194091796875
2.65478515625
0
0
0
0
0
0
0
0
0
0
0
0
0
0
0
0
0
0
0
0
0
