0.618896484375
0.40283203125
0.447998046875
0.60400390625
0.945068359375
0.4140625
0.52001953125
0.43603515625
0.441162109375
0.58203125
0.488037109375
0.510009765625
0.576904296875
0.364990234375
0.407958984375
0.573974609375
0.64501953125
0.4501953125
0.52392578125
0.464111328125
0.475830078125
0.5419921875
0.60205078125
0.609130859375
0.4560546875
0.426025390625
0.440185546875
0.60302734375
0.468017578125
0.4140625
0.489990234375
0.468994140625
0.4189453125
0.412841796875
0.466064453125
0.796142578125
0.43798828125
0.5
0.66015625
0.409912109375
0.35888671875
0.426025390625
0.630126953125
0.404052734375
0.47900390625
0.51416015625
0.501953125
0.52197265625
0.593994140625
0.3701171875
0.490966796875
0.47607421875
0.447998046875
0.4169921875
0.423828125
0.55419921875
0.593994140625
0.37890625
0.5009765625
0.541015625
0.458984375
0.555908203125
0.466064453125
0.424072265625
0.5458984375
0.47412109375
0.551025390625
0.4189453125
0.468994140625
0.421142578125
0.518798828125
0.60693359375
0.5849609375
0.47998046875
0.5
0.458984375
0.47216796875
0.487060546875
0.4208984375
0.458984375
0.65185546875
0.403076171875
0.51611328125
0.578857421875
0.507080078125
0.510986328125
0.48291015625
0.637939453125
0.468017578125
0.504150390625
0.60302734375
0.504150390625
0.47412109375
0.35498046875
0.4150390625
0.680908203125
0.47705078125
0.423095703125
0.37109375
0.56298828125
0.47802734375
0.612060546875
0.609130859375
0.48291015625
0.51416015625
0.467041015625
0.385986328125
0.4521484375
0.40185546875
0.490966796875
0.463134765625
0.4609375
0.3779296875
0.44287109375
0.455810546875
0.3818359375
0.575927734375
0.505859375
0.55810546875
0.546142578125
0.60693359375
0.4228515625
0.467041015625
0.559814453125
0.462158203125
0.572998046875
0.583984375
0.512939453125
0.469970703125
0.39501953125
0.64306640625
0.5458984375
0.608154296875
0.428955078125
0.47607421875
0.50390625
0.526123046875
0.466064453125
0.48193359375
0.51416015625
0.498046875
0.4619140625
0.5341796875
0.514892578125
0.43505859375
0.414794921875
0.4619140625
0.4501953125
0.4169921875
0.451171875
0.528076171875
0.449951171875
0.4619140625
0.467041015625
0.504150390625
0.576904296875
0.493896484375
0.43896484375
0.586181640625
0.447021484375
0.68310546875
0.43896484375
0.587890625
0.54296875
0.5888671875
0.470947265625
0.465087890625
0.39111328125
0.4150390625
0.427001953125
0.633056640625
0.411865234375
0.4931640625
0.58203125
0.5400390625
0.509033203125
0.5849609375
0.39501953125
0.51708984375
0.453125
0.575927734375
0.390869140625
0.35791015625
0.443115234375
0.489990234375
0.494873046875
0.55908203125
0.4130859375
0.447998046875
0.39208984375
0.44384765625
0.423095703125
0.56103515625
0.471923828125
0.5009765625
0.509033203125
0.471923828125
0.47802734375
0.4580078125
0.4169921875
0.4931640625
0.439208984375
0.4501953125
0.441162109375
0.47900390625
0.51416015625
0.677001953125
0.466064453125
0.5
0.43505859375
0.447021484375
0.4609375
0.453125
0.43603515625
0.4208984375
0.506103515625
0.614013671875
0.43701171875
0.455078125
0.612060546875
0.416015625
0.52001953125
0.5029296875
0.501953125
0.510986328125
0.446044921875
0.60888671875
0.51806640625
0.41796875
0.40283203125
0.5859375
0.4560546875
0.443115234375
0.427978515625
0.5849609375
0.490966796875
0.4140625
0.447021484375
0.505859375
0.419921875
0.471923828125
0.43505859375
0.569091796875
0.415771484375
0.4228515625
0.595947265625
0.471923828125
0.538818359375
0.441162109375
0.421875
0.446044921875
0.467041015625
0.452880859375
0.442138671875
0.455078125
0.45703125
0.51708984375
0.622802734375
0.448974609375
0.402099609375
0.513916015625
0.468994140625
0.371826171875
0.37890625
0.430908203125
0.490966796875
0.59912109375
0.595947265625
0.445068359375
0.445068359375
0.47705078125
0.388916015625
0.5
0.468994140625
0.623046875
0.409912109375
0.4951171875
0.424072265625
0.4130859375
0.445068359375
0.56787109375
0.51611328125
0.35595703125
0.3740234375
0.496826171875
0.41796875
0.490966796875
0.553955078125
0.587890625
0.4619140625
0.68212890625
0.465087890625
0.447998046875
0.414794921875
0.380126953125
0.4140625
0.4580078125
0.467041015625
0.462890625
0.489013671875
0.52685546875
0.373046875
0.514892578125
0.431884765625
0.56591796875
0.430908203125
0.384033203125
0.43408203125
0.40087890625
0.36376953125
0.43408203125
0.4580078125
0.535888671875
0.470947265625
0.52197265625
0.403076171875
0.583984375
0.52001953125
0.4580078125
0.406982421875
0.432861328125
0.416015625
0.413818359375
0.409912109375
0.56005859375
0.4599609375
0.5439453125
0.485107421875
0.452880859375
0.401123046875
0.440185546875
0.364990234375
0.470947265625
0.5458984375
0.541015625
0.4560546875
0.67822265625
0.549072265625
0.421142578125
0.39501953125
0.5
0.423828125
0.48095703125
0.47412109375
0.466064453125
0.47607421875
0.458984375
0.485107421875
0.427978515625
0.3828125
0.44091796875
0.727783203125
0.557861328125
0.51708984375
0.47998046875
0.43896484375
0.611083984375
0.435791015625
0.51904296875
0.427978515625
0.45703125
0.5791015625
0.4501953125
0.363037109375
0.3671875
0.535888671875
0.48779296875
0.406005859375
0.43994140625
0.44482421875
0.552978515625
0.492919921875
0.4541015625
0.4560546875
0.4140625
0.3798828125
0.47509765625
0.52587890625
0.41796875
0.47607421875
0.56396484375
0.52001953125
0.50390625
0.488037109375
0.526123046875
0.50390625
0.434814453125
0.4189453125
0.447998046875
0.39892578125
0.442138671875
0.404052734375
0.509033203125
0.384033203125
0.422119140625
0.4228515625
0.550048828125
0.552978515625
0.43505859375
0.447021484375
0.658935546875
0.3759765625
0.4580078125
0.39794921875
0.578125
0.43505859375
0.39208984375
0.44189453125
0.416015625
0.385009765625
0.536865234375
0.48388671875
0.40185546875
0.4931640625
0.435791015625
0.52490234375
0.583984375
0.489990234375
0.466064453125
0.405029296875
0.455810546875
0.39404296875
0.4140625
0.489013671875
0.427978515625
0.469970703125
0.52001953125
0.431884765625
0.407958984375
0.614990234375
0.5048828125
0.43212890625
0.463134765625
0.446044921875
0.4189453125
0.4130859375
0.471923828125
0.4638671875
0.406982421875
0.5009765625
0.403076171875
0.4130859375
0.418212890625
0.47802734375
0.637939453125
0.44287109375
0.6220703125
0.474853515625
0.43896484375
0.477783203125
0.443115234375
0.527099609375
0.7109375
0.48583984375
0.60693359375
0.384033203125
0.4541015625
0.47802734375
0.40283203125
0.362060546875
0.46484375
0.44580078125
0.544921875
0.3330078125
0.39306640625
0.5458984375
0.367919921875
0.580078125
0.419921875
0.35498046875
