67.011962890625
34.65478515625
36.473876953125
31.704833984375
30.702880859375
28.8408203125
32.406005859375
32.635986328125
32.02001953125
30.889892578125
30.580078125
32.200927734375
31.60009765625
27.574951171875
30.18115234375
30.841064453125
30.238037109375
28.9580078125
29.898193359375
31.4228515625
30.208984375
32.42822265625
29.9521484375
30.847900390625
28.576904296875
30.178955078125
30.701904296875
29.60400390625
28.98779296875
31.26708984375
30.092041015625
30.837890625
31.81787109375
32.277099609375
30.362060546875
30.52099609375
30.998046875
30.66796875
29.10400390625
31.448974609375
30.76611328125
31.626953125
29.593017578125
31.51904296875
32.01904296875
32.01904296875
29.660888671875
29.968994140625
31.97900390625
30.966796875
30.046142578125
32.536865234375
31.678955078125
29.7998046875
29.361083984375
30.1220703125
29.123046875
30.537109375
29.76416015625
31.4951171875
33.0361328125
32.322998046875
32.69091796875
31.22900390625
30.406005859375
29.653076171875
28.678955078125
28.7451171875
30.794921875
30.385986328125
29.18798828125
31.156982421875
31.58984375
31.2021484375
27.266845703125
26.4169921875
30.534912109375
30.43017578125
30.916015625
29.57080078125
30.755126953125
29.599853515625
29.22900390625
28.119140625
26.31689453125
30.56494140625
29.76513671875
28.47998046875
23.780029296875
31.72802734375
24.225830078125
30.56689453125
31.087158203125
31.258056640625
33.02294921875
24.93115234375
32.182861328125
27.968994140625
30.587890625
29.3681640625
27.462890625
30.72900390625
6.208984375
0
0
0
0
0
0
0
31.275146484375
30.059814453125
33.156982421875
30.301025390625
33.052001953125
31.93212890625
31.656982421875
31.35009765625
32.60888671875
30.116943359375
33.260009765625
30.3408203125
34.529052734375
29.9111328125
32.989990234375
32.6640625
30.845947265625
30.7060546875
32.64794921875
33.171875
33.027099609375
0
0
0
0
0
0
0
0
0
0
32.7490234375
33.19482421875
29.657958984375
33.9541015625
36.779052734375
32.01904296875
29.720947265625
32.093017578125
33.092041015625
32.552001953125
31.6162109375
32.543212890625
33.501953125
30.262939453125
33.302978515625
31.244140625
33.822021484375
30.73095703125
32.8349609375
32.30615234375
31.44091796875
29.923095703125
32.76806640625
31.447998046875
32.218994140625
30.35693359375
32.440185546875
31.5
32.363037109375
34.73388671875
34.041015625
32.89501953125
30.72705078125
32.35107421875
33.888916015625
32.64794921875
30.923095703125
31.989013671875
33.755126953125
31.89306640625
32.84814453125
33.636962890625
31.216064453125
33.35595703125
33.68603515625
34.307861328125
35.0439453125
33.45703125
35.52880859375
33.31591796875
33.1201171875
33.120849609375
33.3330078125
32.81884765625
32.079833984375
33.64306640625
32.066162109375
35.926025390625
32.847900390625
32.34814453125
33.60400390625
31.65087890625
33.111083984375
31.013916015625
32.337890625
33.421142578125
29.68701171875
34.31005859375
33.862060546875
6.319091796875
0
0
0
0
0
0
0
32.2529296875
30.2939453125
32.94921875
30.5751953125
31.442138671875
31.60205078125
30.05419921875
28.328125
28.39794921875
30.122802734375
33.12890625
28.620849609375
30.9658203125
30.611083984375
30.072998046875
32.294921875
32.385009765625
31.618896484375
31.30078125
0
0
0
0
0
0
0
0
0
33.304931640625
31.56201171875
29.202880859375
29.89697265625
32.117919921875
31.215087890625
30.20703125
30.377197265625
31.517822265625
31.10302734375
32.7568359375
35.383056640625
31.598876953125
29.31884765625
29.431884765625
32.903076171875
30.21484375
32.306884765625
31.824951171875
31.35888671875
27.369140625
29.202880859375
29.10400390625
27.89599609375
29.884033203125
30.180908203125
29.373046875
29.837890625
28.89501953125
30.91015625
31.0078125
28.411865234375
30.366943359375
32.6259765625
30.282958984375
31.52392578125
31.10888671875
32.738037109375
32.281982421875
30.326904296875
30.988037109375
29.85693359375
29.114990234375
32.4921875
33.68505859375
30.489013671875
31.81201171875
31.7021484375
32.048095703125
28.7939453125
24.79296875
29.715087890625
31.7890625
30.47998046875
31.510009765625
27.346923828125
30.993896484375
28.962158203125
28.258056640625
27.24609375
30.583984375
32.5419921875
31.6181640625
0
0
0
0
0
0
0
32.23486328125
37.681884765625
32.7138671875
30.251953125
28.96484375
30.364013671875
31.489990234375
33.0380859375
30.159912109375
29.07080078125
30.388916015625
34.2939453125
28.68603515625
32.795166015625
31.882080078125
32.947021484375
32.4208984375
33.367919921875
0
0
0
0
0
0
0
0
0
34.1650390625
30.7509765625
28.552978515625
32.10302734375
33.31103515625
32.06201171875
30.838134765625
30.962158203125
31.166015625
31.925048828125
30.93701171875
31.8701171875
31.25
32.39404296875
30.490966796875
32.48583984375
35.676025390625
28.885986328125
31.014892578125
32.989990234375
30.156005859375
31.556884765625
36.072021484375
30.883056640625
30.64501953125
30.927001953125
31.63720703125
31.35498046875
28.451904296875
31.361083984375
29.656005859375
31.408935546875
28.962890625
29.260986328125
28.801025390625
32.93994140625
34.656982421875
29.52197265625
31.446044921875
30.6201171875
32.24609375
30.298095703125
30.7529296875
30.98193359375
29.640869140625
31.72509765625
32.541015625
32.59619140625
33.282958984375
32.031005859375
31.453125
30.93408203125
29.714111328125
30.535888671875
30.726806640625
30.302001953125
33.426025390625
29.35498046875
30.819091796875
29.772216796875
31.135986328125
28.489013671875
6.489990234375
0
0
0
0
0
0
28.961181640625
33.9990234375
32.296875
33.56298828125
31.620849609375
29.758056640625
31.58203125
32.092041015625
29.31396484375
27.9140625
31.072021484375
30.659912109375
30.69287109375
28.39404296875
30.6259765625
30.10107421875
30.884033203125
31.593994140625
31.06103515625
0
0
0
0
0
0
0
0
0
32.408935546875
31.85888671875
30.443115234375
32.034912109375
30.68017578125
29.028076171875
34.94287109375
31.6630859375
30.4111328125
30.51611328125
31.257080078125
30.85693359375
31.714111328125
33.629150390625
32.017822265625
30.25390625
28.931884765625
30.433837890625
29.80908203125
31.863037109375
27.919921875
30.751953125
28.27392578125
28.356201171875
28.948974609375
31.669921875
31.9931640625
30.76123046875
