5.80810546875
8.66015625
7.548828125
5.925048828125
6.14501953125
6.06103515625
5.872802734375
6.01611328125
5.804931640625
5.701904296875
5.81689453125
5.653076171875
6.299072265625
6.486083984375
6.075927734375
5.6640625
5.85302734375
5.761962890625
5.744873046875
5.6240234375
6.039794921875
5.589111328125
5.883056640625
5.43310546875
5.72802734375
6.2578125
6.080078125
6.919921875
5.943115234375
5.85205078125
5.948974609375
4.961181640625
5.31494140625
5.591064453125
5.284912109375
5.446044921875
5.658935546875
6.160888671875
6.14501953125
5.73193359375
5.545166015625
5.68505859375
5.794921875
5.791015625
5.699951171875
5.551025390625
5.726806640625
6.0927734375
5.9189453125
6.117919921875
5.934814453125
6.27001953125
5.718994140625
6.0009765625
5.385009765625
5.739013671875
6.35595703125
7.06005859375
6.5009765625
6.64599609375
6.0361328125
6.7900390625
6.541015625
6.265869140625
5.76513671875
5.675048828125
5.718994140625
6.108154296875
5.85400390625
5.587890625
5.93603515625
5.69189453125
6.10302734375
6.27587890625
6.3349609375
5.885009765625
5.93212890625
5.841796875
5.565185546875
5.9677734375
5.2138671875
5.60107421875
5.587158203125
6.091064453125
5.226806640625
6.234130859375
5.97802734375
6.129150390625
6.703125
6.52685546875
5.89208984375
6.29296875
6.35986328125
6.298095703125
6.40283203125
6.182861328125
6.027099609375
5.641845703125
6.050048828125
6.056884765625
5.532958984375
5.510986328125
7.651123046875
6.60107421875
6.880126953125
7.244873046875
5.277099609375
6.2939453125
6.7880859375
5.968994140625
6.611083984375
6.85498046875
6.41796875
6.617919921875
5.93798828125
6.239990234375
6.43701171875
7.02392578125
6.776123046875
6.343017578125
5.406005859375
6.7509765625
5.971923828125
6.592041015625
6.26318359375
5.968017578125
5.19189453125
6.126953125
5.781982421875
6.012939453125
6.125
6.64404296875
6.069091796875
6.635986328125
5.944091796875
5.442138671875
8.27099609375
6.302978515625
7.4111328125
6.174072265625
6.867919921875
7.259033203125
6.410888671875
5.72509765625
6.010009765625
6.958984375
6.548095703125
6.85205078125
6.7509765625
6.340087890625
6.156005859375
6.257080078125
6.031005859375
5.640869140625
5.866943359375
5.6650390625
5.97412109375
6.121826171875
5.964111328125
6.118896484375
5.786865234375
5.98095703125
6.233154296875
6.090087890625
5.449951171875
5.1650390625
5.783935546875
5.614013671875
6.06591796875
6.985107421875
6.56494140625
6.629150390625
6.8408203125
6.64111328125
6.538818359375
6.302978515625
6.1669921875
6.9208984375
6.27783203125
6.280029296875
6.363037109375
6.22607421875
6.10400390625
6.101806640625
5.6669921875
5.89404296875
5.98095703125
5.723876953125
5.555908203125
5.5380859375
6.0390625
6.166015625
6.155029296875
6.549072265625
6.575927734375
6.203125
6.051025390625
6.47998046875
6.22412109375
6.010009765625
6.39501953125
5.93408203125
6.09716796875
5.881103515625
6.89794921875
5.476806640625
6.527099609375
7.26611328125
6.72607421875
6.60302734375
6.506103515625
6.180908203125
6.7080078125
6.89501953125
7.363037109375
6.9619140625
6.906005859375
5.81005859375
6.557861328125
6.49609375
6.409912109375
5.923095703125
5.739013671875
5.885009765625
5.85498046875
5.5
5.2880859375
5.824951171875
6.11181640625
5.946044921875
6.30908203125
6.010009765625
5.575927734375
5.945068359375
5.49609375
6.04296875
6.3740234375
7.2119140625
6.87109375
8.27392578125
6.058837890625
7.379150390625
6.651123046875
7.703125
7.322021484375
7.1240234375
6.841064453125
6.43994140625
5.842041015625
6.31103515625
6.321044921875
6.003173828125
5.638916015625
6.47509765625
5.846923828125
6.2958984375
6.364013671875
6.048095703125
6.0859375
5.64990234375
6.179931640625
5.611083984375
5.671875
5.6201171875
5.744140625
5.73193359375
5.9609375
7.22412109375
6.493896484375
6.8359375
6.19384765625
6.471923828125
6.56689453125
6.35986328125
6.3271484375
6.266845703125
6.3291015625
6.22412109375
6.072021484375
5.8828125
5.7958984375
5.176025390625
6.474853515625
5.964111328125
5.989013671875
5.99609375
5.43603515625
5.950927734375
6.655029296875
6.19091796875
6.590087890625
6.43212890625
6.06689453125
6.347900390625
6.553955078125
6.718017578125
6.6708984375
6.93212890625
6.47607421875
6.220947265625
9.23193359375
6.60693359375
6.194091796875
5.238037109375
5.94091796875
5.97900390625
6.1259765625
5.2099609375
5.77294921875
6.504150390625
7.3330078125
5.824951171875
6.568115234375
7.1240234375
6.280029296875
6.01904296875
6.30615234375
6.343017578125
6.68603515625
6.52099609375
5.988037109375
6.85400390625
6.243896484375
6.72998046875
5.97705078125
6.40185546875
9.68505859375
7.177001953125
6.114990234375
6.325927734375
5.779052734375
5.9091796875
5.822021484375
5.8369140625
6.5439453125
6.89892578125
5.9580078125
6.27099609375
6.47412109375
7.986083984375
6.7578125
6.360107421875
7.25
6.511962890625
5.922119140625
5.714111328125
6.732177734375
6.4560546875
6.22412109375
5.9580078125
6.245849609375
5.992919921875
6.3271484375
6.56201171875
5.5
5.9248046875
5.623046875
6.5341796875
6.155029296875
6.054931640625
6.717041015625
6.406005859375
6.05810546875
5.921142578125
5.94580078125
6.383056640625
6.89892578125
6.570068359375
6.15185546875
6.484130859375
6.409912109375
5.83203125
6.236083984375
6.551025390625
5.505126953125
6.208984375
5.554931640625
5.19091796875
5.873046875
6.010986328125
6.612060546875
6.65283203125
6.410888671875
6.64794921875
5.91796875
6.77685546875
6.341064453125
7.178955078125
6.236083984375
5.56103515625
6.14794921875
5.530029296875
5.550048828125
5.737060546875
5.85107421875
5.701904296875
6.2490234375
6.6640625
6.009765625
5.945068359375
6.462890625
6.617919921875
6.240966796875
6.4189453125
6.366943359375
7.967041015625
7.47412109375
6.537841796875
7.10888671875
7.15283203125
6.51318359375
6.114990234375
5.256103515625
6.595947265625
7.505859375
6.966064453125
6.35107421875
6.955078125
6.287109375
6.118896484375
5.9140625
6.452880859375
6.223876953125
6.314208984375
6.697998046875
6.26806640625
6.338134765625
6.224853515625
6.307861328125
6.155029296875
6.235107421875
5.691162109375
6.390869140625
7.078857421875
6.2099609375
6.33203125
7.31396484375
6.989990234375
6.3759765625
6.336181640625
6.244140625
7.315185546875
5.718017578125
6.803955078125
6.0380859375
6.840087890625
6.37109375
7.41015625
6.2060546875
6.197998046875
6.1240234375
6.72705078125
6.324951171875
5.90185546875
5.779052734375
5.758056640625
6.117919921875
6.22314453125
6.258056640625
6.443115234375
6.5869140625
6.56396484375
5.6669921875
5.89306640625
5.7939453125
6.365966796875
6.09716796875
5.81201171875
