18.77099609375
21.614013671875
18.968017578125
21.592041015625
24.76708984375
18.237060546875
19.716064453125
19.4599609375
30.321044921875
19.955078125
18.067138671875
19.291015625
24.714111328125
18.2099609375
20.734130859375
22.43994140625
19.85595703125
19.9521484375
18.298828125
19.208984375
19.43701171875
23.7470703125
18.22900390625
24.276123046875
22.26708984375
20.0078125
19.52001953125
19.52392578125
17.468017578125
19.843994140625
23.554931640625
19.380859375
16.9580078125
19.8359375
16.375
20.97412109375
23.52099609375
18.89599609375
18.196044921875
23.698974609375
21.1318359375
21.912109375
20.708984375
21.158935546875
20.613037109375
24.953125
24.281982421875
17.447998046875
22.998046875
23.3271484375
23.85888671875
19.48095703125
28.051025390625
17.632080078125
18.72705078125
26.680908203125
19.885009765625
23.445068359375
18.863037109375
19.89794921875
20.423828125
24.47802734375
18.6279296875
18.301025390625
21.695068359375
23.461181640625
19.924072265625
18.200927734375
18.760009765625
23.30517578125
23.131103515625
20.130859375
18.401123046875
23.72119140625
16.746826171875
17.902099609375
20.619140625
17.39404296875
28.175048828125
20.169921875
22.43701171875
17.51123046875
19.091796875
20.47802734375
18.239990234375
19.453125
24.239013671875
17.6201171875
20.0390625
20.1591796875
17.711181640625
18.27001953125
19.052978515625
18.599853515625
23.217041015625
19.873779296875
18.6259765625
17.298828125
19.372802734375
22.927978515625
19.2919921875
18.880859375
20.596923828125
18.02294921875
17.01611328125
17.4140625
16.823974609375
17.364013671875
17.14208984375
18.385009765625
18.388916015625
25.1630859375
17.93408203125
20.25390625
20.450927734375
19.41796875
27.340087890625
20.130126953125
19.218994140625
20.544189453125
19.9580078125
19.992919921875
20.73583984375
21.806884765625
20.9580078125
18.56689453125
22.72314453125
20.39990234375
21.77099609375
19.212158203125
24.029052734375
22.84912109375
19.168212890625
18.903076171875
17.531005859375
17.301025390625
17.3759765625
18.10595703125
17.380859375
22.7578125
20.1748046875
22.33984375
17.947021484375
19.89794921875
18.55908203125
21.101806640625
25.490966796875
19.89306640625
19.44189453125
21.1728515625
18.869140625
20.97412109375
23.705078125
25.149169921875
18.49609375
17.090087890625
18.05712890625
19.677001953125
18.330078125
18.80908203125
17.572998046875
16.721923828125
25.004150390625
19.18701171875
19.216796875
25.030029296875
25.2421875
18.284912109375
19.2470703125
20.344970703125
19.6181640625
19.9560546875
19.3349609375
25.666015625
20.404052734375
25.494140625
17.929931640625
17.47802734375
19.18603515625
19.30810546875
19.216064453125
18.591064453125
19.616943359375
20.3330078125
21.453125
18.6201171875
19.166015625
19.887939453125
19.199951171875
24.55908203125
19.570068359375
19.9921875
23.301025390625
23.217041015625
19.81884765625
21.203125
23.930908203125
20.299072265625
23.676025390625
21.260986328125
19.033935546875
18.41796875
20.83984375
18.441162109375
18.719970703125
19.24609375
17.81005859375
19.123779296875
18.508056640625
16.216796875
19.885009765625
26.907958984375
21.85498046875
18.64306640625
16.84619140625
16.491943359375
18.031005859375
22.31982421875
24.567138671875
26.85595703125
18.991943359375
23.011962890625
21.324951171875
25.06103515625
19.030029296875
19.3369140625
18.09814453125
21.411865234375
25.47998046875
19.538818359375
19.9140625
17.4970703125
19.60302734375
18.6318359375
28.76416015625
20.299072265625
24.8720703125
28.0029296875
18.092041015625
17.407958984375
19.534912109375
17.506103515625
17.8759765625
17.577880859375
18.876953125
19.281982421875
22.744873046875
23.6591796875
22.380126953125
17.839111328125
23.76611328125
15.378173828125
24.633056640625
18.718017578125
26.140869140625
20.18212890625
19.447021484375
18.369140625
18.317138671875
18.3310546875
20.529052734375
23.591064453125
21.262939453125
21.0400390625
19.47705078125
31.3828125
18.2451171875
18.736083984375
16.71484375
18.7939453125
17.5400390625
22.59521484375
23.4560546875
18.119140625
23.380126953125
19.5830078125
18.373046875
21.297119140625
18.657958984375
19.762939453125
22.054931640625
20.5380859375
19.281005859375
21.087890625
24.276123046875
19.765869140625
18.18701171875
24.55908203125
18.720947265625
15.572021484375
20.0380859375
17.18212890625
20.75390625
22.010009765625
17.39404296875
20.6708984375
19.21484375
21.200927734375
25.587158203125
20.699951171875
22.013916015625
17.953857421875
24.12890625
18.135009765625
19.933837890625
14.950927734375
19.908203125
19.610107421875
19.64111328125
17.26513671875
16.267822265625
18.012939453125
17.60498046875
17.7109375
17.27197265625
18.9130859375
23.714111328125
20.4111328125
19.119140625
28.02099609375
17.2919921875
20.36083984375
19.98779296875
19.47509765625
24.68798828125
19.975830078125
20.533203125
24.989990234375
23.484130859375
18.68896484375
22.02001953125
22.259033203125
19.54296875
15.804931640625
19.825927734375
25.97607421875
21.887939453125
18.657958984375
19.0087890625
18.84716796875
18.740966796875
17.760986328125
19.97607421875
21.822998046875
30.091064453125
19.59814453125
19.17822265625
21.535888671875
16.970947265625
22.10205078125
22.028076171875
21.43701171875
19.823974609375
23.15185546875
24.56591796875
23.64697265625
22.1640625
23.916015625
20.85888671875
27.51318359375
18.69287109375
21.76904296875
19.09814453125
20.23291015625
20.2958984375
26.72509765625
24.533935546875
20.677978515625
18.494873046875
26.630126953125
19.580078125
18.44287109375
22.950927734375
17.926025390625
18.385986328125
21.258056640625
19.5830078125
17.14990234375
21.43408203125
26.133056640625
17.486083984375
23.52587890625
18.55517578125
23.315185546875
16.448974609375
25.761962890625
22.927978515625
20.174072265625
21.385009765625
19.760009765625
19.884033203125
19.451904296875
21.003173828125
25.681884765625
19.830078125
24.15185546875
20.625
18.02001953125
20.3779296875
19.865966796875
17.906982421875
20.3369140625
22.787109375
24.31103515625
19.22900390625
18.60400390625
21.496826171875
18.137939453125
16.55908203125
18.9521484375
18.69189453125
25.115966796875
19.656005859375
20.551025390625
21.904052734375
20.3798828125
19.298095703125
18.85791015625
20.453857421875
20.883056640625
22.18505859375
18.48486328125
19.36279296875
23.5419921875
20.296142578125
19.06005859375
23.89794921875
19.427978515625
22.51416015625
16.90087890625
20.613037109375
18.079833984375
19.617919921875
17.72705078125
17.789794921875
18.489013671875
17.217041015625
16.64404296875
15.868896484375
18.921875
18.502197265625
18.887939453125
26.18212890625
18.468017578125
18.73681640625
25.76806640625
29.297119140625
25.697998046875
20.52197265625
18.18994140625
25.2919921875
24.02294921875
21.823974609375
19.3369140625
21.48095703125
23.295166015625
23.7919921875
22.760009765625
19.014892578125
28.284912109375
18.330078125
23.161865234375
18.948974609375
22.799072265625
18.787109375
17.875
17.364013671875
18.363037109375
