4.06005859375
1.6220703125
1.39404296875
1.425048828125
1.777099609375
1.447021484375
1.4228515625
1.431884765625
2.4580078125
1.25
1.244140625
1.43994140625
1.609130859375
1.162109375
1.510009765625
1.513916015625
1.2919921875
1.47607421875
1.4619140625
1.7490234375
1.480224609375
1.56298828125
1.31005859375
1.69287109375
1.31591796875
1.6611328125
1.557861328125
1.432861328125
1.52294921875
1.60009765625
1.682861328125
1.47900390625
1.48095703125
1.345947265625
1.64794921875
1.614013671875
1.39404296875
1.259033203125
1.492919921875
1.718017578125
1.55712890625
1.382080078125
1.444091796875
1.303955078125
1.427001953125
1.389892578125
1.3291015625
1.3349609375
1.28076171875
1.553955078125
1.614990234375
1.498046875
1.549072265625
1.510986328125
1.702880859375
1.2939453125
1.370849609375
1.30908203125
1.471923828125
1.4140625
1.589111328125
1.580078125
1.5380859375
1.608154296875
1.546875
1.333984375
1.43115234375
1.593017578125
1.618896484375
1.4970703125
1.614013671875
1.4990234375
1.382080078125
1.3779296875
1.47412109375
1.611083984375
1.419189453125
1.441162109375
1.788818359375
1.52490234375
1.6630859375
1.502197265625
1.203857421875
1.388916015625
1.404052734375
1.425048828125
1.343994140625
1.299072265625
1.677001953125
1.38818359375
1.489013671875
1.7548828125
1.594970703125
1.43701171875
1.470947265625
1.50390625
1.14599609375
1.60009765625
1.22119140625
1.47802734375
1.510986328125
1.182861328125
1.343017578125
1.4248046875
1.531982421875
1.47802734375
1.60595703125
1.718017578125
1.569091796875
1.75
1.1708984375
1.48095703125
2.75
1.541015625
2.592041015625
1.64404296875
2.469970703125
1.421142578125
2.487060546875
1.455078125
2.4521484375
1.653076171875
2.416015625
1.475830078125
2.102783203125
1.600830078125
1.5439453125
1.466064453125
1.489990234375
1.532958984375
1.6279296875
1.52001953125
2.0419921875
1.416015625
1.68603515625
1.968017578125
1.600830078125
1.784912109375
1.4580078125
1.51611328125
1.431884765625
1.614990234375
1.284912109375
1.327880859375
1.796875
1.972900390625
1.574951171875
1.43603515625
1.35595703125
1.50390625
1.467041015625
1.43408203125
1.43798828125
1.47998046875
1.363037109375
1.47802734375
1.3271484375
1.377197265625
1.45703125
1.69189453125
2.050048828125
1.43701171875
1.176025390625
1.56298828125
1.455078125
1.47705078125
1.375
1.575927734375
1.470947265625
1.455078125
1.588134765625
1.375
1.551025390625
1.4140625
1.268798828125
1.366943359375
1.458984375
1.6611328125
1.55810546875
1.468994140625
1.448974609375
1.955078125
1.423095703125
1.561767578125
1.55810546875
1.44091796875
1.47900390625
1.491943359375
1.39306640625
1.458984375
1.4541015625
1.501220703125
1.549072265625
1.516845703125
1.40185546875
1.2470703125
1.552978515625
1.379150390625
1.425048828125
1.5849609375
1.3740234375
1.502197265625
1.408935546875
1.492919921875
1.6650390625
1.839111328125
1.493896484375
1.470947265625
1.471923828125
1.517822265625
1.56689453125
1.240966796875
1.77099609375
1.151123046875
1.885986328125
1.93212890625
1.68994140625
1.830078125
1.653076171875
1.739990234375
1.44384765625
1.61083984375
1.498046875
1.531982421875
1.43701171875
1.60009765625
1.22509765625
1.39794921875
1.45703125
1.108154296875
1.15478515625
1.5849609375
1.64404296875
1.296142578125
1.362060546875
1.23388671875
1.52392578125
1.329833984375
1.2841796875
1.370849609375
1.5400390625
1.509033203125
1.569091796875
1.4208984375
1.529052734375
1.284912109375
1.5029296875
1.5791015625
1.197021484375
1.873046875
1.48095703125
1.360107421875
1.6259765625
1.60498046875
1.779052734375
1.72314453125
1.744873046875
1.7451171875
2.197998046875
1.509033203125
1.3359375
1.930908203125
1.129150390625
1.379150390625
1.474853515625
1.1328125
1.169921875
1.902099609375
1.59619140625
1.279052734375
1.262939453125
1.550048828125
1.447021484375
1.6240234375
1.2958984375
1.379150390625
1.30908203125
1.2919921875
1.47802734375
1.63916015625
1.5419921875
1.432861328125
1.39697265625
1.422119140625
1.5400390625
1.2939453125
1.302001953125
1.549072265625
1.156005859375
1.43603515625
1.73388671875
1.489990234375
1.427978515625
1.373046875
1.5
1.869873046875
1.3349609375
1.239990234375
1.4921875
1.47802734375
1.431884765625
1.151123046875
1.226806640625
1.60400390625
1.18505859375
1.60791015625
1.68896484375
1.553955078125
1.491943359375
1.3740234375
1.48388671875
1.39599609375
1.77392578125
1.85595703125
1.6640625
1.76806640625
1.73095703125
1.51806640625
1.6689453125
1.494873046875
1.3349609375
1.30908203125
1.587890625
1.39599609375
2.62890625
1.507080078125
1.47216796875
2.110107421875
1.720947265625
1.492919921875
1.548828125
1.573974609375
1.43408203125
1.583984375
1.467041015625
1.846923828125
1.52783203125
1.572998046875
1.634033203125
1.64599609375
1.43994140625
1.9189453125
1.470947265625
1.60791015625
1.427001953125
1.10498046875
1.7119140625
1.58203125
1.403076171875
1.595947265625
1.1611328125
1.4560546875
1.53515625
2.01611328125
1.332763671875
1.199951171875
1.234130859375
1.201904296875
1.56591796875
1.43408203125
1.2939453125
1.52001953125
1.56494140625
1.532958984375
1.468017578125
1.526123046875
1.614990234375
1.4951171875
1.4169921875
1.3310546875
1.26904296875
1.545166015625
1.39794921875
1.611083984375
1.3759765625
1.330078125
1.55908203125
1.218017578125
1.802001953125
1.501953125
1.56005859375
1.296142578125
1.447998046875
1.31103515625
1.330078125
1.656982421875
1.14111328125
1.2158203125
1.241943359375
1.485107421875
1.876953125
2.007080078125
1.518798828125
1.508056640625
1.49609375
1.51806640625
1.3779296875
1.48193359375
1.426025390625
1.39404296875
1.503173828125
1.487060546875
1.656982421875
1.590087890625
1.635986328125
1.61181640625
1.72900390625
1.58203125
1.4580078125
1.426025390625
1.618896484375
1.591796875
1.52001953125
2.427001953125
1.623046875
1.7509765625
1.6650390625
1.364990234375
1.26806640625
1.48095703125
1.720947265625
1.301025390625
1.513916015625
1.426025390625
1.498046875
1.448974609375
1.18603515625
1.4140625
1.932861328125
1.5068359375
1.489990234375
1.506103515625
1.64306640625
1.5439453125
1.47705078125
1.402099609375
1.53515625
1.52099609375
1.802978515625
1.486083984375
1.35693359375
1.38818359375
1.60302734375
1.536865234375
1.64111328125
1.587158203125
1.488037109375
1.340087890625
1.261962890625
1.425048828125
1.4150390625
1.5419921875
1.51806640625
1.519775390625
1.43798828125
1.408935546875
1.5400390625
1.52685546875
1.563232421875
1.5810546875
1.161865234375
1.700927734375
1.3291015625
1.235107421875
1.37109375
1.343994140625
1.658935546875
1.842041015625
