46.651123046875
24.294921875
22.655029296875
23.7470703125
24.177978515625
21.77685546875
23.2421875
21.81494140625
24.02001953125
22.120849609375
22.57421875
23.992919921875
22.80810546875
23.406005859375
23.47998046875
23.6630859375
22.012939453125
23.7470703125
22.453125
22.136962890625
22.81396484375
22.995849609375
23.751953125
22.739013671875
22.31494140625
21.1611328125
23.9580078125
22.826171875
23.2890625
23.7548828125
24.192138671875
23.47900390625
23.424072265625
22.635009765625
23.43212890625
22.625
24.1689453125
23.65283203125
23.47900390625
23.632080078125
24.080078125
21.257080078125
24.2080078125
24.801025390625
22.952880859375
23.472900390625
23.1220703125
22.89892578125
23.82080078125
24.0810546875
22.873046875
23.5400390625
22.8740234375
23.073974609375
23.507080078125
23.388916015625
24.43310546875
24.130859375
22.050048828125
23.0009765625
26.00390625
24.802978515625
23.363037109375
23.72900390625
23.364990234375
24.843017578125
20.906982421875
22.779052734375
22.89111328125
22.888916015625
23.179931640625
22.951171875
22.018798828125
23.699951171875
24.1640625
21.158203125
23.85498046875
21.7158203125
22.651123046875
22.583984375
22.927978515625
22.30517578125
24.455078125
23.39697265625
23.872802734375
24.18310546875
23.27587890625
23.119873046875
24.56396484375
24.31201171875
23.327880859375
23.318115234375
23.121826171875
21.984130859375
23.137939453125
21.56201171875
22.567138671875
22.458984375
24.85498046875
23.4931640625
22.81201171875
24.637939453125
22.97607421875
23.529052734375
4.48388671875
0
0
0
0
0
0
0
24.158203125
23.4541015625
23.2099609375
25.814208984375
23.9921875
23.35400390625
24.452880859375
24.468994140625
23.151123046875
24.31494140625
22.9990234375
23.72705078125
23.260986328125
23.64697265625
24.05810546875
23.919189453125
22.372802734375
24.7119140625
23.869873046875
22.889892578125
0
0
0
0
0
0
0
0
0
0
0
0
23.422119140625
23.1240234375
26.172119140625
24.7060546875
0
23.97705078125
22.66015625
23.501953125
24.09814453125
23.68994140625
24.63720703125
25.095947265625
23.618896484375
24.69384765625
22.873046875
23.64892578125
23.465087890625
24.451171875
21.708984375
21.569091796875
23.0068359375
23.85595703125
23.1640625
23.343994140625
23.744873046875
22.757080078125
21.81201171875
23.02392578125
23.2080078125
23.281982421875
23.05419921875
23.22607421875
22.914794921875
22.77392578125
22.751220703125
22.22509765625
22.861083984375
24.135009765625
24.724853515625
24.26806640625
24.02294921875
22.576171875
23.0
23.64892578125
24.240966796875
23.676025390625
22.44091796875
23.553955078125
22.84619140625
21.238037109375
22.01708984375
23.22900390625
23.677001953125
22.72900390625
23.47021484375
21.669921875
24.89794921875
23.6708984375
24.6279296875
24.0390625
23.501953125
23.2919921875
24.78515625
22.3427734375
22.28515625
23.051025390625
20.005126953125
22.762939453125
4.681884765625
0
0
0
0
0
0
0
23.906005859375
24.93798828125
23.742919921875
23.970947265625
25.4189453125
24.842041015625
26.35400390625
23.177978515625
22.2900390625
25.306884765625
22.822998046875
25.299072265625
24.510009765625
23.51806640625
23.8310546875
24.432861328125
24.4619140625
22.9580078125
23.698974609375
0
0
0
0
0
0
0
0
0
0
22.040771484375
24.007080078125
24.190185546875
23.90478515625
23.3671875
22.69287109375
21.511962890625
21.660888671875
24.119140625
22.536865234375
23.501953125
24.552978515625
22.3740234375
23.698974609375
23.894775390625
25.0009765625
22.698974609375
23.159912109375
23.430908203125
21.49609375
23.517822265625
23.943115234375
24.362060546875
22.806884765625
23.534912109375
22.39208984375
22.901123046875
23.47607421875
24.632080078125
23.592041015625
22.408203125
24.447998046875
22.945068359375
21.86279296875
22.2109375
22.171142578125
24.757080078125
24.067138671875
24.74609375
23.781005859375
23.968994140625
22.43310546875
23.112060546875
23.885009765625
22.420166015625
23.630859375
23.066162109375
24.100830078125
24.950927734375
24.447021484375
23.34814453125
23.140869140625
21.458984375
23.458984375
23.513916015625
23.28515625
24.217041015625
23.921875
22.697998046875
24.242919921875
22.466064453125
23.948974609375
0
0
0
0
0
0
0
21.794921875
20.8349609375
23.52099609375
24.158935546875
24.27880859375
25.175048828125
24.823974609375
22.89599609375
23.031005859375
21.716064453125
23.796875
22.353759765625
22.43994140625
23.1162109375
21.203857421875
22.470947265625
23.7109375
0
0
0
0
0
0
0
0
0
0
27.800048828125
23.22314453125
24.487060546875
24.9140625
22.703125
22.3759765625
23.776123046875
21.191162109375
21.796875
22.298828125
24.984130859375
22.94091796875
24.510986328125
22.337890625
24.75390625
24.897216796875
25.62109375
23.68505859375
24.949951171875
23.2109375
23.078857421875
23.678955078125
22.967041015625
24.259033203125
23.965087890625
23.6689453125
24.127197265625
21.652099609375
23.906005859375
23.97705078125
25.202880859375
22.212890625
24.777099609375
25.14794921875
24.56396484375
22.942138671875
22.046142578125
22.76806640625
23.1669921875
24.6630859375
22.47216796875
23.908203125
21.501953125
23.990966796875
22.4560546875
23.587890625
22.951904296875
24.15478515625
25.126953125
24.078125
24.133056640625
23.39013671875
23.81201171875
23.985107421875
22.802978515625
22.384033203125
21.742919921875
17.59814453125
23.885986328125
21.302978515625
18.969970703125
22.44287109375
4.4111328125
0
0
0
0
0
0
22.639892578125
23.659912109375
23.52880859375
23.32177734375
25.654052734375
24.137939453125
25.006103515625
24.898193359375
22.7109375
24.1640625
21.92822265625
22.26611328125
21.927001953125
23.93603515625
22.7509765625
24.153076171875
23.34814453125
23.325927734375
0
0
0
0
0
0
0
0
0
0
22.81298828125
22.700927734375
23.558837890625
24.123046875
0
21.180908203125
0
23.47509765625
22.446044921875
23.201904296875
23.359130859375
25.796875
24.618896484375
23.85302734375
24.643798828125
24.223876953125
23.39892578125
22.27099609375
22.8828125
23.72998046875
21.677978515625
24.406005859375
22.760009765625
23.656005859375
23.952880859375
22.400146484375
22.513916015625
23.856201171875
