2.331787109375
1.226806640625
1.220947265625
1.135986328125
1.26904296875
1.2890625
1.27783203125
1.24609375
1.23388671875
1.2998046875
1.2880859375
1.258056640625
1.27685546875
1.137939453125
1.218994140625
1.283935546875
1.30517578125
1.261962890625
1.278076171875
1.255126953125
1.35205078125
1.264892578125
1.31396484375
1.23779296875
1.16796875
1.375
1.294189453125
1.248046875
1.1689453125
1.26416015625
1.214111328125
1.166015625
1.31396484375
1.300048828125
1.47705078125
1.3291015625
1.2919921875
1.2568359375
1.31201171875
1.341796875
1.35595703125
1.278076171875
1.2890625
1.3330078125
1.302001953125
1.48095703125
1.277099609375
1.2578125
1.43603515625
1.279052734375
1.256103515625
1.233154296875
1.302978515625
1.22998046875
1.25
1.34912109375
1.485107421875
1.296875
1.281005859375
1.327880859375
1.322021484375
1.323974609375
1.40087890625
1.3759765625
1.296875
1.27294921875
1.39892578125
1.24609375
1.305908203125
1.326904296875
1.291015625
1.248046875
1.43603515625
1.22998046875
1.262939453125
1.35107421875
1.2099609375
1.297119140625
1.367919921875
1.284912109375
1.2548828125
1.26904296875
1.2919921875
1.2529296875
1.199951171875
1.055908203125
1.06201171875
0.9580078125
1.028076171875
1.057861328125
1.259033203125
1.327880859375
1.099853515625
1.26904296875
1.276123046875
1.265869140625
1.322021484375
1.3251953125
1.333984375
1.31201171875
1.179931640625
1.281005859375
1.279052734375
1.27392578125
0
0
0
0
0
0
0
0
1.319091796875
1.340087890625
1.281005859375
1.380859375
1.428955078125
1.38818359375
1.348876953125
1.4638671875
1.31494140625
1.301025390625
1.283935546875
1.325927734375
1.1689453125
1.320068359375
1.455078125
1.390869140625
1.322998046875
1.697998046875
1.245849609375
1.326904296875
0
0
0
0
0
0
0
0
0
0
0
0
1.035888671875
1.151123046875
1.2109375
1.156982421875
0
1.0810546875
1.26904296875
1.31494140625
1.322021484375
1.3359375
1.194091796875
1.516845703125
1.406005859375
1.31689453125
1.34912109375
1.300048828125
1.330078125
1.325927734375
1.22509765625
1.337890625
1.255859375
1.317138671875
1.2958984375
1.247802734375
1.276123046875
1.280029296875
1.242919921875
1.269775390625
1.31005859375
1.262939453125
1.31884765625
1.322021484375
1.2978515625
1.364990234375
1.27294921875
1.31005859375
1.388916015625
1.284912109375
1.302001953125
1.30908203125
1.31494140625
1.375
1.31201171875
1.35107421875
1.281005859375
1.30908203125
1.4970703125
1.295166015625
1.303955078125
1.260986328125
1.287109375
1.239013671875
1.222900390625
1.431884765625
1.243896484375
1.2568359375
1.23876953125
1.23193359375
1.287109375
1.35595703125
1.43994140625
1.224853515625
1.263916015625
1.218017578125
1.31689453125
1.364013671875
1.3330078125
1.35302734375
0
0
0
0
0
0
0
0
1.321044921875
1.114990234375
1.331787109375
1.375
1.43310546875
1.4140625
1.22509765625
1.319091796875
1.371826171875
1.579833984375
1.387939453125
1.319091796875
1.320068359375
1.339111328125
1.303955078125
1.31689453125
1.319091796875
1.289794921875
1.35302734375
0
0
0
0
0
0
0
0
0
0
1.0859375
1.134033203125
1.1640625
0.9580078125
1.096923828125
1.705078125
1.318115234375
1.373046875
1.236083984375
1.330810546875
1.10791015625
1.309814453125
1.3720703125
1.369140625
1.408935546875
1.34912109375
1.261962890625
1.281005859375
1.258056640625
1.45703125
1.27294921875
1.26904296875
1.261962890625
1.403076171875
1.285888671875
1.237060546875
1.31689453125
1.297119140625
1.294921875
1.362060546875
1.2548828125
1.27197265625
1.23291015625
1.3388671875
1.299072265625
1.35107421875
1.281982421875
1.33203125
1.223876953125
1.366943359375
1.29296875
1.305908203125
1.31494140625
1.305908203125
1.30908203125
1.19287109375
1.321044921875
1.379150390625
1.39697265625
1.348876953125
1.322998046875
1.281005859375
1.30810546875
1.2978515625
1.328125
1.318115234375
1.281982421875
1.35693359375
1.26904296875
1.325927734375
1.344970703125
1.2939453125
0
0
0
0
0
0
0
1.305908203125
1.3291015625
1.239990234375
1.65283203125
1.347900390625
1.235107421875
1.30712890625
1.343994140625
1.390869140625
1.339111328125
1.2880859375
1.302001953125
1.322021484375
1.43603515625
1.298828125
1.408935546875
1.469970703125
0
0
0
0
0
0
0
0
0
0
1.220947265625
1.39111328125
1.20703125
1.466064453125
1.406982421875
1.4111328125
1.27392578125
1.47314453125
1.4189453125
1.367919921875
1.430908203125
1.4189453125
1.319091796875
1.343994140625
1.380126953125
1.320068359375
1.4970703125
1.256103515625
1.18701171875
1.369873046875
1.531005859375
1.3310546875
1.30810546875
1.338134765625
1.31591796875
1.344970703125
1.337890625
1.2900390625
1.302978515625
1.320068359375
1.327880859375
1.3818359375
1.328125
1.3369140625
1.319091796875
1.407958984375
1.4609375
1.35302734375
1.427001953125
1.30712890625
1.3779296875
1.300048828125
1.31787109375
1.306884765625
1.327880859375
1.27783203125
1.329833984375
1.3330078125
1.307861328125
1.2919921875
1.31103515625
1.321044921875
1.35205078125
1.24609375
1.676025390625
1.27099609375
1.384033203125
1.283935546875
1.344970703125
1.379150390625
1.406982421875
1.402099609375
0
0
0
0
0
0
0
1.06982421875
1.10595703125
1.156982421875
1.080078125
1.241943359375
1.22509765625
1.010986328125
1.0439453125
1.349853515625
1.237060546875
1.322021484375
1.297119140625
1.244873046875
1.251220703125
1.346923828125
1.216064453125
1.25
1.367919921875
0
0
0
0
0
0
0
0
0
0
1.376953125
1.0380859375
1.196044921875
1.349853515625
0
1.06982421875
0
1.39501953125
1.2939453125
1.276123046875
1.094970703125
1.201904296875
1.423095703125
1.319091796875
1.2900390625
1.349853515625
1.286865234375
1.342041015625
1.5888671875
1.359130859375
1.3310546875
1.30810546875
1.72412109375
1.357177734375
1.287109375
1.31689453125
1.35302734375
1.31005859375
