0.3720703125
0.1298828125
0.1298828125
0.213134765625
0.14306640625
0.16796875
0.14697265625
0.14599609375
0.14599609375
0.175048828125
0.14794921875
0.15283203125
0.1572265625
0.154052734375
0.158935546875
0.14892578125
0.1611328125
0.171875
0.1640625
0.18896484375
0.177001953125
0.14599609375
0.18408203125
0.1669921875
0.18798828125
0.18505859375
0.179931640625
0.18798828125
0.18994140625
0.176025390625
0.18701171875
0.205078125
0.194091796875
0.18994140625
0.4658203125
0.2470703125
0.199951171875
0.200927734375
0.202880859375
0.203857421875
0.2021484375
0.213134765625
0.2529296875
0.219970703125
0.2060546875
0.219970703125
0.2021484375
0.222900390625
0.35107421875
0.261962890625
0.219970703125
0.223876953125
0.302978515625
0.2587890625
0.2958984375
0.35595703125
0.347900390625
0.281982421875
0.294921875
1.10986328125
0.343017578125
0.2958984375
0.3720703125
0.31396484375
0.2998046875
0.299072265625
0.31103515625
0.331787109375
0.3408203125
0.3359375
0.287841796875
0.304931640625
0.30712890625
0.31787109375
0.320068359375
0.366943359375
0.30810546875
0.343017578125
0.381103515625
0.323974609375
0.322998046875
0.387939453125
0.356201171875
0.305908203125
0.429931640625
0.41796875
0.364990234375
0.362060546875
0.37890625
0.368896484375
0.35107421875
0.327880859375
0.303955078125
0.318115234375
0.34814453125
0.345947265625
0.35302734375
0.35498046875
0.425048828125
0.425048828125
0.367919921875
0.43212890625
0.361083984375
0.440185546875
0.43115234375
0.4990234375
0.4111328125
0.802978515625
0.492919921875
0.44482421875
0.634033203125
0.35986328125
0.376953125
0.357177734375
0.380859375
0.507080078125
0.416015625
0.451904296875
0.4580078125
0.470947265625
0.385009765625
0.388916015625
0.388916015625
0.404052734375
0.430908203125
0.428955078125
0.6650390625
0.409912109375
0.429931640625
0.552978515625
0.40380859375
0.4189453125
0.519775390625
0.638916015625
0.6171875
0.580078125
0.5810546875
0.44189453125
0.6259765625
0.453125
0.68505859375
0.658203125
0.56201171875
0.386962890625
0.407958984375
0.419921875
0.52001953125
0.447998046875
0.44189453125
0.4228515625
0.401123046875
0.389892578125
0.40087890625
0.39501953125
0.43505859375
0.5048828125
0.492919921875
0.527099609375
0.426025390625
0.448974609375
0.408935546875
0.40380859375
0.4560546875
0.491943359375
0.491943359375
0.4208984375
0.43115234375
0.416015625
0.5029296875
0.4638671875
0.402099609375
0.4189453125
0.422119140625
0.47412109375
0.48486328125
0.169921875
0.1669921875
0.18896484375
0.18505859375
0.19091796875
0.196044921875
0.203857421875
0.22607421875
0.202880859375
0.203857421875
0.203857421875
0.2109375
0.22607421875
0.2138671875
0.216064453125
0.23388671875
0.220947265625
0.208984375
0.240966796875
0.22216796875
0.22998046875
0.221923828125
0.22998046875
0.22705078125
0.213134765625
0.33203125
0.2451171875
0.23486328125
0.226806640625
0.237060546875
0.236083984375
0.23291015625
0.2490234375
0.26904296875
0.22900390625
0.277099609375
0.240966796875
0.318115234375
0.35791015625
0.52099609375
0.8408203125
0.43603515625
0.360107421875
0.380126953125
0.258056640625
0.279052734375
0.278076171875
0.248046875
0.297119140625
0.483154296875
0.3291015625
0.4140625
0.258056640625
0.276123046875
0.27880859375
0.309814453125
0.287109375
0.281005859375
0.277099609375
0.2919921875
0.309814453125
0.31005859375
0.2919921875
0.33203125
0.322021484375
0.445068359375
0.3408203125
0.489990234375
0.416015625
0.3818359375
0.580078125
0.468017578125
0.35009765625
0.29296875
0.2998046875
0.291015625
0.588134765625
0.31494140625
0.321044921875
0.302001953125
0.283935546875
0.385009765625
0.301025390625
0.5068359375
0.330078125
0.30908203125
0.327880859375
0.35009765625
0.324951171875
0.300048828125
0.30810546875
0.409912109375
0.31005859375
0.39794921875
0.330078125
0.383056640625
0.30322265625
0.3349609375
0.35498046875
0.303955078125
0.359130859375
0.341064453125
0.18115234375
0.189208984375
0.2138671875
0.205078125
0.2060546875
0.208984375
0.204833984375
0.217041015625
0.22314453125
0.212890625
0.240966796875
0.23095703125
0.23095703125
0.208984375
0.22216796875
0.22509765625
0.218994140625
0.22705078125
0.2900390625
0.22705078125
0.239013671875
0.233154296875
0.2470703125
0.22900390625
0.22900390625
0.26806640625
0.24609375
0.2548828125
0.247802734375
0.244873046875
0.2490234375
0.251953125
0.291015625
0.2880859375
0.31494140625
0.340087890625
0.426025390625
0.341064453125
0.445068359375
0.30810546875
0.214111328125
0.259033203125
0.26904296875
0.25390625
0.322021484375
0.364013671875
0.296875
0.343994140625
0.27001953125
0.251953125
0.283203125
0.27685546875
0.308837890625
0.26904296875
0.31982421875
0.27490234375
0.329833984375
0.35888671875
0.29296875
0.362060546875
0.3251953125
0.33203125
0.391845703125
0.382080078125
0.471923828125
0.4560546875
0.755859375
0.683837890625
0.281005859375
0.277099609375
0.2880859375
0.408935546875
0.302978515625
0.2919921875
0.2919921875
0.368896484375
0.281005859375
0.31591796875
0.322021484375
0.33984375
0.30908203125
0.322998046875
0.307861328125
0.4248046875
0.412841796875
0.299072265625
0.302978515625
0.304931640625
0.4130859375
0.342041015625
0.353759765625
0.31494140625
0.33984375
0.3740234375
0.31103515625
0.341064453125
0.343017578125
0.18505859375
0.212890625
0.19482421875
0.20703125
0.205078125
0.218017578125
0.216064453125
0.24609375
0.220947265625
0.219970703125
0.2490234375
0.24609375
0.23193359375
0.22509765625
0.224853515625
0.23388671875
0.22412109375
0.243896484375
0.26904296875
0.238037109375
0.22802734375
0.27587890625
0.23193359375
0.286865234375
0.224853515625
0.369873046875
0.22509765625
0.23681640625
0.22802734375
0.35693359375
0.284912109375
0.300048828125
0.242919921875
0.26806640625
0.27783203125
0.44580078125
0.39599609375
0.358154296875
0.358154296875
0.237060546875
0.258056640625
0.25
0.25390625
0.2451171875
0.295166015625
0.3349609375
0.27197265625
0.277099609375
0.2890625
0.261962890625
0.31298828125
0.275146484375
0.27490234375
0.287109375
0.30712890625
0.2900390625
0.27294921875
0.318115234375
0.4091796875
0.4228515625
0.4580078125
0.43994140625
0.56396484375
0.450927734375
0.410888671875
0.413818359375
0.404052734375
0.279052734375
0.275146484375
0.284912109375
0.299072265625
0.343994140625
0.2939453125
0.343994140625
0.26806640625
0.295166015625
0.282958984375
0.44482421875
0.324951171875
0.39599609375
0.3759765625
0.297119140625
0.320068359375
0.297119140625
0.29296875
0.298095703125
0.455078125
0.364013671875
0.31591796875
0.298095703125
0.39404296875
0.31396484375
0.325927734375
0.363037109375
0.315185546875
0.30419921875
