57.43701171875
29.27001953125
27.37890625
28.755126953125
29.1640625
26.47705078125
27.935791015625
26.7919921875
29.041015625
26.83984375
27.23583984375
28.506103515625
28.049072265625
28.0419921875
28.126953125
28.3408203125
26.807861328125
28.47607421875
27.174072265625
26.64111328125
27.424072265625
27.4169921875
28.5048828125
27.462890625
27.22607421875
26.19091796875
28.588134765625
27.489990234375
27.84912109375
28.45703125
28.762939453125
28.0849609375
28.154052734375
27.208984375
29.34716796875
27.76904296875
29.458984375
28.52685546875
28.2109375
28.357177734375
28.890869140625
26.132080078125
28.9560546875
29.5869140625
27.968017578125
28.281005859375
27.7919921875
27.526123046875
29.27197265625
28.933837890625
27.6279296875
28.195068359375
27.696044921875
27.927001953125
29.630126953125
28.2080078125
29.5380859375
28.946044921875
26.93896484375
28.637939453125
31.41796875
30.912109375
28.526123046875
28.72900390625
28.19091796875
29.550048828125
25.86181640625
27.5
27.80712890625
27.8369140625
28.027099609375
27.77001953125
27.41796875
28.51611328125
28.880126953125
26.205078125
28.551025390625
26.431884765625
27.3828125
27.342041015625
27.656982421875
27.2021484375
29.18310546875
28.199951171875
29.2529296875
29.071044921875
27.81396484375
27.68505859375
29.22119140625
28.95703125
28.39599609375
28.411865234375
27.75390625
26.77880859375
27.93896484375
26.418212890625
27.9619140625
27.510986328125
30.18212890625
28.3359375
27.632080078125
29.527099609375
27.777099609375
28.297119140625
12.552001953125
14.773193359375
15.626953125
16.62890625
11.10498046875
12.48193359375
9.827880859375
23.548828125
29.072998046875
28.43603515625
27.971923828125
30.9140625
29.248046875
28.7880859375
29.635009765625
29.714111328125
28.64404296875
29.51904296875
27.986083984375
28.43994140625
27.906982421875
28.638916015625
29.199951171875
28.7109375
27.196044921875
30.289794921875
28.599853515625
28.955078125
11.744140625
10.18115234375
10.06298828125
10.805908203125
10.51318359375
9.3759765625
10.16796875
10.4111328125
10.094970703125
9.788818359375
10.375
23.89697265625
28.697998046875
28.18701171875
31.286865234375
30.540771484375
24.39599609375
28.85009765625
27.592041015625
46.9189453125
28.992919921875
28.58203125
29.630126953125
30.427001953125
29.948974609375
29.949951171875
27.912841796875
28.593017578125
28.625
29.321044921875
26.800048828125
26.679931640625
28.011962890625
28.867919921875
28.140869140625
28.0751953125
29.2509765625
27.969970703125
26.64990234375
27.866943359375
28.10302734375
28.2021484375
28.090087890625
28.262939453125
27.55908203125
27.594970703125
27.419921875
26.791015625
28.211181640625
28.865966796875
29.6240234375
29.008056640625
28.7412109375
27.2109375
27.705810546875
28.52294921875
28.906005859375
28.409912109375
27.382080078125
28.27685546875
28.115966796875
25.8720703125
26.784912109375
27.820068359375
28.314208984375
27.376953125
28.177001953125
26.863037109375
29.756103515625
28.43896484375
29.2890625
28.821044921875
28.91015625
28.205078125
29.587890625
27.10400390625
27.088134765625
27.89013671875
25.177001953125
27.429931640625
9.93408203125
12.48583984375
14.3388671875
11.7919921875
10.85400390625
11.056884765625
11.739990234375
21.827880859375
28.6708984375
29.77490234375
28.472900390625
29.010986328125
30.592041015625
30.049072265625
31.447998046875
27.976806640625
27.699951171875
30.63720703125
27.925048828125
30.166015625
29.30615234375
28.373046875
28.529052734375
29.30810546875
29.23095703125
27.716064453125
29.691162109375
10.532958984375
11.919921875
10.97802734375
9.037109375
9.947021484375
10.22802734375
11.260009765625
10.510009765625
10.506103515625
22.7470703125
27.14697265625
28.916015625
30.25390625
29.69482421875
28.447998046875
28.2119140625
26.4609375
26.801025390625
28.876953125
27.720947265625
28.4140625
29.39404296875
27.323974609375
28.69189453125
29.078125
30.4541015625
27.671142578125
28.094970703125
28.231201171875
26.54296875
28.5
28.919921875
29.199951171875
27.639892578125
28.536865234375
27.248046875
27.89892578125
28.8671875
29.97509765625
28.488037109375
27.287109375
29.150146484375
27.529052734375
26.611083984375
27.083984375
27.093017578125
29.463134765625
28.798095703125
29.428955078125
28.967041015625
28.97705078125
27.119140625
28.8681640625
28.632080078125
27.16796875
28.56689453125
27.748779296875
28.94384765625
29.804931640625
29.46484375
28.243896484375
28.4560546875
26.405029296875
28.660888671875
28.3427734375
28.136962890625
29.0751953125
29.833984375
27.401123046875
29.06689453125
27.596923828125
29.55810546875
11.39697265625
9.90478515625
9.137939453125
11.259033203125
11.885009765625
13.490234375
24.178955078125
26.537109375
25.966064453125
28.55517578125
30.0458984375
29.81884765625
30.435791015625
30.703857421875
28.14306640625
28.097900390625
26.805908203125
29.02197265625
27.4208984375
27.39306640625
28.740966796875
26.20703125
27.3251953125
29.863037109375
14.823974609375
12.23291015625
13.635986328125
14.612060546875
11.47998046875
10.986083984375
10.656982421875
8.726806640625
9.69287109375
41.739013671875
32.5751953125
28.238037109375
49.468994140625
31.258056640625
27.788818359375
46.14404296875
28.532958984375
26.553955078125
44.868896484375
27.5400390625
30.06298828125
27.904052734375
29.507080078125
27.094970703125
30.826904296875
30.7490234375
31.166015625
28.83203125
29.715087890625
28.14111328125
28.486083984375
28.6259765625
28.120849609375
29.27392578125
29.008056640625
28.742919921875
29.0810546875
26.931884765625
29.125
28.95703125
30.14501953125
27.337890625
29.59814453125
29.985107421875
29.208984375
27.802001953125
27.294921875
27.4560546875
29.235107421875
29.91796875
27.673828125
28.684814453125
26.30810546875
28.849853515625
27.305908203125
28.52001953125
27.77099609375
29.050048828125
29.9638671875
28.5
29.10400390625
28.64404296875
28.794189453125
28.778076171875
27.9951171875
27.180908203125
26.708984375
22.255859375
28.87890625
27.468017578125
24.18603515625
27.31298828125
10.501953125
14.3330078125
12.89697265625
8.838134765625
10.2890625
10.87109375
23.612060546875
27.212890625
28.363037109375
28.098876953125
27.906982421875
30.4951171875
29.472900390625
30.31689453125
29.573974609375
27.579833984375
29.093017578125
26.906982421875
27.2080078125
26.736083984375
28.681884765625
27.56982421875
28.98388671875
27.974853515625
29.3359375
9.9111328125
10.275146484375
12.4140625
14.89013671875
11.64208984375
10.629150390625
11.93701171875
10.642822265625
10.60888671875
23.6279296875
27.650146484375
27.485107421875
48.775146484375
30.867919921875
25.4072265625
26.838134765625
24.39306640625
28.458984375
44.673828125
28.239013671875
28.5341796875
30.794921875
29.77099609375
28.703857421875
30.076904296875
29.26904296875
28.073974609375
27.110107421875
28.1669921875
28.583984375
26.632080078125
29.18603515625
28.0009765625
28.5791015625
28.677001953125
27.214111328125
27.942138671875
28.77099609375
