1.078857421875
0.31884765625
0.3740234375
0.428955078125
0.660888671875
0.39501953125
0.39892578125
0.568115234375
0.689208984375
0.3720703125
0.35302734375
0.3662109375
0.431884765625
0.489990234375
0.537109375
0.5458984375
0.446044921875
0.558837890625
0.4091796875
0.341064453125
0.357177734375
0.38916015625
0.43701171875
0.509033203125
0.35498046875
0.5400390625
0.425048828125
0.405029296875
0.4140625
0.449951171875
0.470947265625
0.406982421875
0.373046875
0.34912109375
0.40478515625
0.463134765625
0.458984375
0.572998046875
0.39404296875
0.412841796875
0.47705078125
0.586181640625
0.487060546875
0.407958984375
0.546875
0.365966796875
0.43310546875
0.426025390625
0.361083984375
0.429931640625
0.491943359375
0.41015625
0.407958984375
0.489990234375
0.36083984375
0.385986328125
0.5498046875
0.482177734375
0.56884765625
0.4140625
0.509033203125
0.489990234375
0.47607421875
0.48486328125
0.427001953125
0.413818359375
0.509033203125
0.423095703125
0.55419921875
0.52490234375
0.6318359375
0.56103515625
0.408935546875
0.423828125
0.43603515625
0.537109375
0.51513671875
0.330078125
0.35791015625
0.47900390625
0.47412109375
0.388916015625
0.386962890625
0.5458984375
0.463134765625
0.48193359375
0.516845703125
0.431884765625
0.505859375
0.4189453125
0.700927734375
0.52685546875
0.47509765625
0.501953125
0.444091796875
0.4599609375
0.424072265625
0.432861328125
0.4091796875
0.30810546875
0.48681640625
0.44482421875
0.4658203125
0.34912109375
0.462158203125
0.428955078125
0.510986328125
0.469970703125
0.386962890625
0.427001953125
0.41796875
0.39208984375
0.468017578125
0.536865234375
0.35693359375
0.34814453125
0.52392578125
0.592041015625
0.511962890625
0.469970703125
0.4580078125
0.51806640625
0.447998046875
0.31201171875
0.35302734375
0.537109375
0.35791015625
0.366943359375
0.284912109375
0.421875
0.35498046875
0.451904296875
0.337890625
0.427978515625
0.445068359375
0.69189453125
0.427001953125
0.4990234375
0.505859375
0.568115234375
0.42822265625
0.596923828125
0.426025390625
0.453125
0.416015625
0.532958984375
0.510986328125
0.3759765625
0.513916015625
0.501220703125
0.423095703125
0.537109375
0.39306640625
0.342041015625
0.482177734375
0.443115234375
0.52685546875
0.31396484375
0.4638671875
0.405029296875
0.5859375
0.40087890625
0.615966796875
0.366943359375
0.448974609375
0.453125
0.469970703125
0.362060546875
0.405029296875
0.62890625
0.427978515625
0.328857421875
0.407958984375
0.405029296875
0.490966796875
0.35498046875
0.39306640625
0.4228515625
0.51904296875
0.447021484375
0.548828125
0.348876953125
0.5390625
0.5009765625
0.43701171875
0.39501953125
0.433837890625
0.4189453125
0.4619140625
0.486083984375
0.510009765625
0.52099609375
0.59716796875
0.405029296875
0.505126953125
0.3779296875
0.4208984375
0.323974609375
0.468017578125
0.503173828125
0.485107421875
0.508056640625
0.413818359375
0.425048828125
0.46484375
0.48095703125
0.489013671875
0.4990234375
0.402099609375
0.477783203125
0.706787109375
0.35498046875
0.595947265625
0.44384765625
0.530029296875
0.469970703125
0.453125
0.570068359375
0.40478515625
0.51708984375
0.443115234375
0.580078125
0.43701171875
0.4951171875
0.381103515625
0.4931640625
0.440185546875
0.410888671875
0.43310546875
0.5048828125
0.594970703125
0.506103515625
0.429931640625
0.4990234375
0.401123046875
0.4091796875
0.453125
0.4111328125
0.4140625
0.575927734375
0.534912109375
0.578125
0.375
0.40380859375
0.366943359375
0.516845703125
0.421875
0.566162109375
0.525146484375
0.448974609375
0.50390625
0.5029296875
0.5400390625
0.446044921875
0.55908203125
0.41796875
0.440185546875
0.43798828125
0.416015625
0.572998046875
0.429931640625
0.4169921875
0.39990234375
0.5888671875
0.52685546875
0.47900390625
0.400146484375
0.44189453125
0.416015625
0.513916015625
0.493896484375
0.44384765625
0.341064453125
0.5830078125
0.52490234375
0.470947265625
0.418212890625
0.736083984375
0.466064453125
0.48388671875
0.4072265625
0.419921875
0.398193359375
0.684814453125
0.587158203125
0.422119140625
0.4150390625
0.47998046875
0.34716796875
0.559814453125
0.544921875
0.4228515625
0.45703125
0.475830078125
0.4951171875
0.3330078125
0.408935546875
0.4599609375
0.5810546875
0.527099609375
0.5458984375
0.43994140625
0.569091796875
0.410888671875
0.41796875
0.52197265625
0.4208984375
0.4130859375
0.408935546875
0.488037109375
0.3271484375
0.4130859375
0.388916015625
0.712158203125
0.447021484375
0.614013671875
0.411865234375
0.56005859375
0.344970703125
0.364013671875
0.68505859375
0.5
0.39599609375
0.39599609375
0.598876953125
0.527099609375
0.4970703125
0.425048828125
0.737060546875
0.60009765625
0.551025390625
0.405029296875
0.704833984375
0.391845703125
0.471923828125
0.503173828125
0.827880859375
0.5029296875
0.405029296875
0.364990234375
0.431884765625
0.56201171875
0.468994140625
0.532958984375
0.533203125
0.577880859375
0.412109375
0.363037109375
0.66796875
0.363037109375
0.544921875
0.425048828125
0.403076171875
0.40087890625
0.651123046875
0.3359375
0.333984375
0.533935546875
0.31005859375
0.434814453125
0.43505859375
0.380859375
0.781005859375
0.38720703125
0.4189453125
0.461181640625
0.447998046875
0.489013671875
0.48291015625
0.5390625
0.51513671875
0.443115234375
0.2958984375
0.473876953125
0.43017578125
0.551025390625
0.56787109375
0.43896484375
0.545166015625
0.408935546875
0.362060546875
0.458984375
0.339111328125
0.430908203125
0.43408203125
0.467041015625
0.488037109375
0.4140625
0.4970703125
0.51318359375
0.421875
0.465087890625
0.4609375
0.5048828125
0.322021484375
0.59814453125
0.421875
0.348876953125
0.505126953125
0.407958984375
0.4970703125
0.56298828125
0.409912109375
0.60107421875
0.52099609375
0.40087890625
0.410888671875
0.47900390625
0.49609375
0.506103515625
0.474853515625
0.43505859375
0.3837890625
0.37890625
0.494873046875
0.52099609375
0.366943359375
0.530029296875
0.401123046875
0.501953125
0.5029296875
0.39990234375
0.35595703125
0.36083984375
0.554931640625
0.56201171875
0.509033203125
0.469970703125
0.39892578125
0.56103515625
0.490966796875
0.43798828125
0.48193359375
0.546875
0.5380859375
0.411865234375
0.641845703125
0.541015625
0.419189453125
0.496826171875
0.671875
0.56298828125
0.471923828125
0.60888671875
0.35009765625
0.48193359375
0.5048828125
0.548828125
0.55078125
0.419189453125
0.408935546875
0.450927734375
0.619873046875
0.494140625
0.40185546875
0.385009765625
0.473876953125
0.510009765625
0.35205078125
0.40283203125
0.39111328125
0.427001953125
0.490966796875
0.408935546875
0.382080078125
0.39892578125
0.381103515625
0.36181640625
0.44482421875
0.398193359375
