3.429931640625
2.9599609375
1.674072265625
1.81591796875
1.726806640625
1.827880859375
2.80615234375
2.68603515625
2.444091796875
2.894775390625
2.77978515625
2.5810546875
2.7890625
2.70703125
2.43115234375
2.64990234375
2.60107421875
2.531005859375
1.56103515625
2.77783203125
2.814208984375
2.712890625
2.650146484375
2.825927734375
2.7080078125
2.58203125
2.56396484375
2.68798828125
1.73681640625
1.619873046875
1.6220703125
2.69091796875
2.76513671875
2.5849609375
2.657958984375
2.81884765625
1.5390625
1.64697265625
2.548828125
2.94091796875
2.27099609375
2.570068359375
2.652099609375
2.583984375
1.531005859375
1.6650390625
1.649169921875
1.6201171875
1.6650390625
1.661865234375
1.62109375
1.65283203125
2.677978515625
2.66015625
2.902099609375
2.56005859375
2.56005859375
2.945068359375
2.552978515625
0
0
0
0
0
0
2.43896484375
2.0458984375
2.7041015625
2.777099609375
3.31396484375
2.63916015625
2.739013671875
2.625
2.762939453125
2.60205078125
2.762939453125
2.679931640625
2.5830078125
2.783935546875
2.677001953125
2.951171875
2.948974609375
2.799072265625
2.694091796875
2.298095703125
2.55810546875
2.548095703125
2.90185546875
2.575927734375
2.568115234375
2.985107421875
1.618896484375
2.27880859375
2.4169921875
3.162841796875
2.550048828125
3.114990234375
2.570068359375
2.89599609375
2.843017578125
2.552001953125
2.578857421875
2.928955078125
2.590087890625
2.56591796875
3.002197265625
2.9208984375
2.56884765625
2.56884765625
2.39111328125
2.090087890625
3.090087890625
2.650146484375
2.537841796875
2.60400390625
2.6181640625
2.5771484375
2.576904296875
2.572998046875
2.572021484375
4.459228515625
4.33203125
4.97607421875
4.864990234375
4.44091796875
4.401123046875
4.0361328125
4.11083984375
4.0078125
4.85107421875
5.04296875
4.56005859375
4.6611328125
4.169921875
4.39794921875
3.67822265625
4.77783203125
4.31005859375
4.731201171875
4.2109375
4.64990234375
4.6640625
4.677978515625
4.01806640625
4.420166015625
4.31689453125
4.615966796875
4.030029296875
4.541015625
0
0
0
0
0
0
3.557861328125
4.869140625
4.255859375
3.950927734375
4.239013671875
4.9990234375
4.156982421875
4.098876953125
4.47216796875
4.23095703125
3.93994140625
4.59912109375
4.115234375
4.69580078125
4.844970703125
4.68212890625
3.385986328125
4.445068359375
4.0390625
4.39501953125
4.0029296875
4.39599609375
3.986083984375
4.4169921875
4.010009765625
4.515869140625
4.30908203125
4.532958984375
4.23095703125
4.430908203125
4.036865234375
4.401123046875
4.02490234375
4.841064453125
4.531982421875
3.988037109375
4.427001953125
4.06103515625
4.5048828125
4.027099609375
4.492919921875
4.198974609375
4.387939453125
4.1337890625
4.43310546875
4.015869140625
4.9189453125
4.60107421875
4.026123046875
4.429931640625
4.06298828125
4.51708984375
4.119873046875
4.512939453125
3.919921875
4.2490234375
3.92822265625
4.294921875
3.900146484375
4.30078125
3.9150390625
4.31591796875
3.969970703125
5.087890625
3.926025390625
4.509033203125
4.072021484375
4.26708984375
3.89892578125
4.241943359375
3.93701171875
4.468017578125
3.880859375
5.162841796875
4.015869140625
2.56201171875
2.593017578125
2.824951171875
3.39794921875
2.85302734375
2.424072265625
2.5419921875
2.379150390625
2.614013671875
0
0
0
0
0
0
4.2548828125
4.309814453125
4.073974609375
4.179931640625
3.797119140625
4.40380859375
3.76708984375
4.1630859375
4.16796875
4.151123046875
4.963134765625
4.549072265625
3.835205078125
4.741943359375
4.3349609375
4.1640625
4.31591796875
4.546142578125
4.292236328125
4.37890625
4.126953125
4.23193359375
3.903076171875
4.615966796875
4.30517578125
4.77197265625
4.330078125
4.18408203125
3.81201171875
4.400146484375
3.89892578125
4.171142578125
4.06396484375
4.574951171875
4.304931640625
2.7919921875
2.546875
3.805908203125
4.489990234375
2.43408203125
2.595947265625
2.697021484375
2.6669921875
2.487060546875
2.81787109375
2.40087890625
2.741943359375
2.501953125
