0.167236328125
0.22021484375
0.097900390625
0.109130859375
0.10693359375
0.10888671875
0.19384765625
0.22314453125
0.2138671875
0.196044921875
0.218994140625
0.2099609375
0.210205078125
0.220947265625
0.164794921875
0.2119140625
0.216796875
0.205810546875
0.114013671875
0.22802734375
0.212158203125
0.2109375
0.22119140625
0.220947265625
0.230224609375
0.221923828125
0.2138671875
0.213134765625
0.115966796875
0.10498046875
0.1240234375
0.22509765625
0.213134765625
0.217041015625
0.215087890625
0.200927734375
0.114990234375
0.110107421875
0.18798828125
0.18896484375
0.179931640625
0.202880859375
0.201904296875
0.205078125
0.10693359375
0.10693359375
0.10400390625
0.10302734375
0.10888671875
0.10400390625
0.10205078125
0.109130859375
0.22998046875
0.200927734375
0.202880859375
0.204833984375
0.194091796875
0.19921875
0
0
0
0
0
0
0.218017578125
0.177001953125
0.10498046875
0.217041015625
0.200927734375
0.251953125
0.2060546875
0.198974609375
0.201904296875
0.219970703125
0.200927734375
0.209228515625
0.2060546875
0.199951171875
0.203125
0.2041015625
0.2138671875
0.20703125
0.203857421875
0.199951171875
0.153076171875
0.213134765625
0.198974609375
0.201904296875
0.2021484375
0.198974609375
0.2109375
0.10205078125
0.18310546875
0.18017578125
0.208984375
0.2099609375
0.2099609375
0.216064453125
0.218017578125
0.210205078125
0.218017578125
0.212890625
0.296142578125
0.2099609375
0.2109375
0.22705078125
0.217041015625
0.208984375
0.2138671875
0.1640625
0.156005859375
0.208984375
0.220947265625
0.212158203125
0.208984375
0.2138671875
0.208984375
0.208984375
0.205078125
0.208984375
0.213134765625
0.214111328125
0.219970703125
0.208984375
0.215087890625
0.213134765625
0.21484375
0.197021484375
0.2021484375
0.2099609375
0.2041015625
0.199951171875
0.199951171875
0.2099609375
0.203125
0.18798828125
0.200927734375
0.2060546875
0.201904296875
0.205078125
0.199951171875
0.204833984375
0.203125
0.199951171875
0.203857421875
0.203125
0.197021484375
0.21484375
0
0
0
0
0
0
0.1630859375
0.22705078125
0.205078125
0.202880859375
0.193115234375
0.26416015625
0.200927734375
0.205078125
0.18798828125
0.203125
0.18408203125
0.18896484375
0.199951171875
0.205078125
0.203857421875
0.213134765625
0.216064453125
0.14892578125
0.203125
0.199951171875
0.2021484375
0.198974609375
0.19921875
0.200927734375
0.201904296875
0.2001953125
0.197998046875
0.2119140625
0.21484375
0.212158203125
0.208984375
0.2080078125
0.210205078125
0.2080078125
0.2138671875
0.218017578125
0.216064453125
0.208984375
0.2099609375
0.2138671875
0.2109375
0.20703125
0.2060546875
0.206787109375
0.208984375
0.2080078125
0.2099609375
0.212158203125
0.202880859375
0.20703125
0.208984375
0.279052734375
0.205078125
0.20703125
0.2080078125
0.205810546875
0.20703125
0.2109375
0.2119140625
0.212890625
0.2119140625
0.2119140625
0.2080078125
0.212158203125
0.197998046875
0.2109375
0.198974609375
0.175048828125
0.200927734375
0.217041015625
0.199951171875
0.199951171875
0.202880859375
0.200927734375
0.199951171875
0.2060546875
0.10693359375
0.10205078125
0.110107421875
0.18603515625
0.10595703125
0.10400390625
0.100830078125
0.10498046875
0
0
0
0
0
0
0.159912109375
0.19091796875
0.218017578125
0.201171875
0.205078125
0.200927734375
0.19580078125
0.197021484375
0.198974609375
0.203125
0.200927734375
0.2041015625
0.199951171875
0.201171875
0.197998046875
0.197998046875
0.200927734375
0.196044921875
0.200927734375
0.199951171875
0.201171875
0.2041015625
0.197998046875
0.201904296875
0.200927734375
0.2060546875
0.200927734375
0.208984375
0.212158203125
0.211181640625
0.206787109375
0.2080078125
0.2080078125
0.214111328125
0.2158203125
0.2138671875
0.114013671875
0.10791015625
0.212158203125
0.208984375
0.108154296875
0.11181640625
0.10693359375
0.10986328125
0.10791015625
0.108154296875
0.111083984375
0.10986328125
0.112060546875
