0.345947265625
0.441162109375
0.132080078125
0.203125
0.178955078125
0.169921875
0.4130859375
0.43701171875
0.441162109375
0.447021484375
0.470947265625
0.493896484375
0.468994140625
0.446044921875
0.52392578125
0.4970703125
0.6220703125
0.633056640625
0.22705078125
0.68701171875
0.54296875
0.64111328125
0.7099609375
0.659912109375
0.759033203125
0.739013671875
0.6650390625
0.70703125
0.302001953125
0.261962890625
0.428955078125
0.596923828125
0.72998046875
0.68603515625
0.81005859375
0.575927734375
0.49609375
0.299072265625
0.876953125
0.697021484375
0.679931640625
0.802001953125
0.712890625
0.697998046875
0.2919921875
0.34912109375
0.291015625
0.340087890625
0.375
0.341064453125
0.3349609375
0.322998046875
0.759033203125
0.760986328125
0.8271484375
0.31591796875
0.896240234375
0.846923828125
0.89501953125
0.889892578125
0.90185546875
0.890869140625
0.89404296875
0.885009765625
0.824951171875
0.8359375
0.385009765625
0.949951171875
0.910888671875
0.77685546875
0.971923828125
0.845947265625
0.97998046875
0.860107421875
0.85205078125
0.89208984375
0.89404296875
1.00390625
0.942138671875
0.97900390625
0.89013671875
0.911865234375
1.014892578125
0.885009765625
0.8720703125
0.883056640625
0.9091796875
0.911865234375
0.9091796875
0.89892578125
0.89208984375
0.4169921875
0.808837890625
0.9169921875
1.053955078125
0.93115234375
0.985107421875
0.946044921875
0.93408203125
0.98876953125
1.10302734375
0.971923828125
1.051025390625
1.047119140625
0.908935546875
1.323974609375
1.134033203125
0.9609375
1.001953125
0.8798828125
0.71484375
1.10888671875
1.092041015625
1.008056640625
0.99609375
1.054931640625
1.0380859375
1.0390625
1.218017578125
0.861083984375
0.85302734375
0.947021484375
0.79296875
0.949951171875
0.94482421875
0.947998046875
0.941162109375
0.7919921875
0.93603515625
0.904052734375
0.971923828125
0.983154296875
0.99609375
0.949951171875
1.007080078125
0.906982421875
1.01708984375
1.09814453125
0.991943359375
1.044921875
1.0859375
0.97998046875
1.036865234375
0.915771484375
0.998046875
1.01806640625
0.96484375
1.033935546875
1.074951171875
0.77783203125
0.784912109375
1.0859375
1.114990234375
0.8310546875
0.833984375
0.9609375
1.10400390625
1.092041015625
1.1689453125
1.11376953125
1.06787109375
1.010009765625
0.90185546875
1.005859375
0.97802734375
0.823974609375
1.046142578125
1.18701171875
1.160888671875
1.043212890625
1.027099609375
0.876953125
1.043212890625
1.173828125
1.14111328125
1.07080078125
1.282958984375
1.10595703125
1.18408203125
1.18798828125
1.123046875
1.1259765625
1.31689453125
1.071044921875
1.201171875
1.22998046875
1.0859375
1.18505859375
1.126953125
1.112060546875
1.087158203125
1.2099609375
1.22802734375
1.035888671875
1.160888671875
1.152099609375
1.156005859375
1.202880859375
1.237060546875
1.287109375
1.18701171875
1.173095703125
1.29296875
1.1640625
1.305908203125
1.23291015625
1.2509765625
1.60400390625
0.947998046875
0.924072265625
0.982177734375
0.991943359375
0.9921875
1.033203125
0.99609375
1.213134765625
0.998046875
1.23095703125
1.037841796875
1.008056640625
1.114990234375
1.05810546875
1.18408203125
0.9912109375
1.058837890625
1.140869140625
1.31591796875
1.032958984375
1.048095703125
0.47900390625
0.51318359375
0.51708984375
0.63818359375
1.01806640625
0.4990234375
0.513916015625
0.471923828125
0.570068359375
0.572021484375
0.555908203125
0.569091796875
0.593994140625
0.528076171875
0.73193359375
1.041015625
1.177001953125
1.166015625
1.2060546875
1.093017578125
1.119873046875
1.18896484375
1.212890625
1.10302734375
1.19189453125
1.12109375
1.35888671875
1.308837890625
1.214111328125
1.259033203125
1.31689453125
1.258056640625
1.275146484375
1.384033203125
1.3779296875
1.2880859375
1.295166015625
1.3251953125
1.43017578125
1.427978515625
1.36181640625
1.288818359375
1.3798828125
1.484130859375
1.284912109375
1.23193359375
1.304931640625
1.2109375
1.3291015625
1.407958984375
1.35693359375
0.6259765625
0.60595703125
1.360107421875
0.55517578125
0.630126953125
0.652099609375
0.619140625
0.64208984375
0.64501953125
0.653076171875
0.59521484375
0.65283203125
0.64501953125
