0.156005859375
0.150146484375
0.051025390625
0.059814453125
0.06396484375
0.06103515625
0.126953125
0.15087890625
0.150146484375
0.1240234375
0.14697265625
0.14794921875
0.14697265625
0.149169921875
0.136962890625
0.14892578125
0.155029296875
0.14892578125
0.06689453125
0.160888671875
0.343994140625
0.02001953125
0.02099609375
0.02197265625
0.021240234375
0.02001953125
0.02001953125
0.019775390625
0.009033203125
0.0087890625
0.010009765625
0.02001953125
0.02099609375
0.02099609375
0.02001953125
0.019775390625
0.009033203125
0.009033203125
0.01708984375
0.01708984375
0.01904296875
0.02001953125
0.02001953125
0.01904296875
0.0068359375
0.008056640625
0.071044921875
0.06298828125
0.06298828125
0.063232421875
0.06201171875
0.06103515625
0.156982421875
0.153076171875
0.151123046875
0.333984375
0.157958984375
0.14794921875
0
0
0
0
0
0
0.158935546875
0.112060546875
0.06298828125
0.23583984375
0.15087890625
0.2119140625
0.151123046875
0.14892578125
0.14892578125
0.152099609375
0.16015625
0.337890625
0.02294921875
0.02001953125
0.02099609375
0.02099609375
0.02197265625
0.02099609375
0.02001953125
0.02001953125
0.014892578125
0.02099609375
0.02001953125
0.02197265625
0.02001953125
0.02001953125
0.02099609375
0.009033203125
0.01806640625
0.130126953125
0.14697265625
0.14794921875
0.148193359375
0.15087890625
0.14697265625
0.151123046875
0.156005859375
0.14892578125
0.156982421875
0.147216796875
0.373046875
0.15185546875
0.151123046875
0.14794921875
0.14794921875
0.109130859375
0.102783203125
0.14697265625
0.14599609375
0.14697265625
0.14697265625
0.14794921875
0.14697265625
0.14794921875
0.143798828125
0.15283203125
0.362060546875
0.02099609375
0.02099609375
0.01904296875
0.019775390625
0.019775390625
0.02001953125
0.01708984375
0.02001953125
0.02197265625
0.02001953125
0.02001953125
0.02001953125
0.02001953125
0.01904296875
0.016845703125
0.02001953125
0.02001953125
0.15380859375
0.153076171875
0.150146484375
0.14990234375
0.14697265625
0.14892578125
0.150146484375
0.149169921875
0.361083984375
0.158935546875
0
0
0
0
0
0
0.1181640625
0.156005859375
0.152099609375
0.150146484375
0.131103515625
0.134033203125
0.15087890625
0.14892578125
0.126953125
0.14794921875
0.1259765625
0.329833984375
0.02001953125
0.02001953125
0.02001953125
0.02197265625
0.02099609375
0.013916015625
0.02099609375
0.019775390625
0.02001953125
0.018798828125
0.02001953125
0.02001953125
0.01904296875
0.02001953125
0.018798828125
0.02197265625
0.022216796875
0.15087890625
0.14697265625
0.14697265625
0.14404296875
0.14599609375
0.14208984375
0.152099609375
0.149169921875
0.14501953125
0.14501953125
0.35107421875
0.140869140625
0.14501953125
0.143798828125
0.14404296875
0.14404296875
0.143798828125
0.147216796875
0.141845703125
0.14306640625
0.143798828125
0.14208984375
0.14990234375
0.14404296875
0.14892578125
0.14697265625
0.316162109375
0.01904296875
0.02099609375
0.02001953125
0.01904296875
0.02001953125
0.02001953125
0.01904296875
0.018798828125
0.021240234375
0.02099609375
0.018798828125
0.016845703125
0.02001953125
0.02099609375
0.02001953125
0.018798828125
0.02001953125
0.14794921875
0.14697265625
0.14794921875
0.065185546875
0.06201171875
0.064208984375
0.149169921875
0.06298828125
0.06201171875
0.220947265625
0.06201171875
0
0
0
0
0
0
0.125
0.142822265625
0.14990234375
0.14892578125
0.14794921875
0.14501953125
0.141845703125
0.14697265625
0.14501953125
0.14697265625
0.323974609375
0.02197265625
0.02001953125
0.02001953125
0.01904296875
0.01904296875
0.02001953125
0.02001953125
0.02001953125
0.02001953125
0.01904296875
0.02099609375
0.02099609375
0.02001953125
0.02001953125
0.02001953125
0.018798828125
0.01904296875
0.148193359375
0.14501953125
0.14501953125
0.157958984375
0.143798828125
0.14794921875
0.14404296875
0.14697265625
0.06396484375
0.06201171875
0.14892578125
0.321044921875
0.060791015625
0.06005859375
0.05810546875
0.06103515625
0.06201171875
0.06005859375
0.06005859375
0.06103515625
0.06005859375
