41.614990234375
31.208984375
30.80908203125
32.18603515625
32.43701171875
35.725830078125
35.52001953125
32.281005859375
36.278076171875
31.299072265625
32.046142578125
35.8310546875
32.677001953125
31.409912109375
36.27197265625
31.633056640625
31.9560546875
35.930908203125
28.127197265625
37.85498046875
34.718017578125
31.22705078125
33.59716796875
34.593017578125
32.81005859375
31.697021484375
35.242919921875
29.97998046875
30.633056640625
35.5869140625
32.22900390625
34.89794921875
36.68408203125
31.754150390625
32.087890625
34.33203125
30.56689453125
32.3720703125
38.5390625
32.049072265625
31.26611328125
36.900146484375
32.034912109375
31.722900390625
32.515869140625
32.155029296875
32.080810546875
35.9189453125
32.362060546875
31.910888671875
35.7470703125
31.945068359375
35.657958984375
35.921142578125
32.341064453125
29.487060546875
38.212158203125
32.2919921875
33.745849609375
33.509033203125
32.448974609375
31.3740234375
36.219970703125
32.27783203125
32.98583984375
35.257080078125
28.407958984375
36.43603515625
35.4169921875
32.18310546875
31.2890625
35.947021484375
32.865966796875
31.625
35.5419921875
32.3369140625
31.510009765625
36.005126953125
32.62109375
31.988037109375
35.576171875
32.511962890625
31.35400390625
35.716064453125
31.261962890625
32.965087890625
35.760009765625
32.31689453125
31.587158203125
35.76904296875
32.8662109375
27.83203125
38.68798828125
32.7958984375
32.8720703125
35.235107421875
33.486083984375
31.02001953125
36.10595703125
31.923828125
31.68896484375
36.0458984375
32.2998046875
31.919921875
35.7470703125
33.255126953125
31.2939453125
34.98095703125
33.3720703125
30.64501953125
34.281005859375
34.529052734375
31.451904296875
36.135009765625
31.639892578125
31.765869140625
36.215087890625
31.93896484375
32.195068359375
36.984130859375
33.80712890625
32.010009765625
35.798828125
32.141845703125
31.289794921875
35.219970703125
32.846923828125
30.345947265625
36.788818359375
33.549072265625
31.34814453125
36.0751953125
32.652099609375
30.738037109375
35.9169921875
30.93115234375
33.68212890625
35.89599609375
31.986083984375
32.05810546875
35.911865234375
32.337890625
31.68603515625
35.505126953125
32.91796875
31.5791015625
35.795166015625
31.419921875
35.47021484375
29.972900390625
31.679931640625
34.734130859375
36.509765625
31.444091796875
32.75390625
34.714111328125
34.696044921875
30.75
34.974853515625
32.553955078125
32.67919921875
34.905029296875
31.33203125
33.0791015625
35.183837890625
31.799072265625
33.0927734375
36.375
32.5439453125
31.4580078125
35.157958984375
29.660888671875
34.12890625
36.60400390625
31.27001953125
32.010009765625
35.996826171875
31.867919921875
32.089111328125
35.900146484375
33.13818359375
31.609130859375
36.46484375
31.137939453125
31.827880859375
36.403076171875
31.379150390625
32.22314453125
37.47802734375
30.427978515625
31.784912109375
36.057861328125
33.72998046875
30.830078125
35.48193359375
32.131103515625
31.97998046875
35.838134765625
32.094970703125
32.5869140625
35.242919921875
33.05810546875
31.10205078125
35.6630859375
33.23291015625
31.64599609375
35.47412109375
33.653076171875
30.281982421875
35.754150390625
31.448974609375
32.14599609375
35.865966796875
32.066162109375
31.881103515625
37.73095703125
31.197998046875
32.588134765625
35.350830078125
31.10205078125
32.72412109375
35.965087890625
31.800048828125
31.76318359375
35.60302734375
32.703125
33.2431640625
34.177978515625
34.14990234375
27.427978515625
34.27099609375
31.998046875
32.194091796875
39.398193359375
28.43212890625
31.72802734375
35.89990234375
32.135986328125
33.8310546875
33.96923828125
32.2890625
31.991943359375
35.43798828125
34.763916015625
33.7978515625
37.191162109375
31.656005859375
32.159912109375
34.9580078125
31.96923828125
32.718994140625
35.197998046875
32.962890625
31.86083984375
35.486083984375
33.041015625
31.56787109375
36.160888671875
31.906982421875
32.10986328125
35.256103515625
33.27197265625
31.220947265625
36.035888671875
32.737060546875
31.4541015625
36.015869140625
31.47412109375
32.405029296875
36.11083984375
31.506103515625
32.447998046875
35.25390625
31.77587890625
31.947021484375
35.956787109375
32.774169921875
32.51611328125
35.947998046875
31.3349609375
27.38916015625
35.456787109375
36.505126953125
29.828857421875
33.85205078125
31.8310546875
32.218994140625
35.89794921875
32.3330078125
31.991943359375
35.653076171875
32.02392578125
31.94189453125
