41.60302734375
31.2158203125
30.81201171875
32.190185546875
32.44189453125
35.733154296875
35.552978515625
32.2919921875
36.297119140625
31.30517578125
32.05615234375
35.839111328125
32.68505859375
31.4189453125
36.282958984375
31.64111328125
31.963134765625
35.9501953125
28.112060546875
37.882080078125
34.718994140625
31.236083984375
33.609130859375
34.60302734375
32.81884765625
31.70703125
35.251220703125
29.97509765625
30.638916015625
35.593994140625
32.23291015625
34.912841796875
36.69384765625
31.761962890625
32.095947265625
34.33203125
30.570068359375
32.385009765625
38.553955078125
32.057861328125
31.27392578125
36.908935546875
32.04296875
31.73193359375
32.512939453125
32.159912109375
32.0869140625
35.923095703125
32.366943359375
31.923095703125
35.744140625
31.967041015625
35.657958984375
35.929931640625
32.348876953125
29.48193359375
38.22705078125
32.302001953125
33.75390625
33.518798828125
32.468017578125
31.380859375
36.22900390625
32.2890625
32.9990234375
35.28515625
28.39794921875
36.46484375
35.426025390625
32.184814453125
31.298095703125
35.968017578125
32.85986328125
31.633056640625
35.551025390625
32.346923828125
31.514892578125
36.014892578125
32.62890625
31.995849609375
35.5849609375
32.52294921875
31.362060546875
35.72509765625
31.26416015625
32.97900390625
35.77099609375
32.3251953125
31.594970703125
35.777099609375
32.8759765625
27.826904296875
38.703125
32.81396484375
32.880126953125
35.24609375
33.4931640625
31.028076171875
36.1279296875
31.933837890625
31.68701171875
36.05810546875
32.31201171875
31.928955078125
35.7548828125
33.262939453125
31.302001953125
34.991943359375
33.384033203125
30.65185546875
34.2919921875
34.532958984375
31.4599609375
36.13818359375
31.652099609375
31.77197265625
36.22607421875
31.948974609375
32.203125
36.994140625
33.81396484375
32.02099609375
35.805908203125
32.14892578125
31.30322265625
35.22802734375
32.865966796875
30.35205078125
36.805908203125
33.552001953125
31.357177734375
36.089111328125
32.66015625
30.7509765625
35.9228515625
30.9521484375
33.68310546875
35.912109375
31.9912109375
32.078125
35.9150390625
32.351806640625
31.69189453125
35.51806640625
32.925048828125
31.593017578125
35.802001953125
31.43896484375
35.48681640625
29.968017578125
31.68701171875
34.75390625
36.52001953125
31.4560546875
32.764892578125
34.72705078125
34.708984375
30.77001953125
34.97509765625
32.568115234375
32.68701171875
34.91796875
31.3408203125
33.096923828125
35.19189453125
31.821044921875
33.093017578125
36.39306640625
32.548095703125
31.47314453125
35.1650390625
29.674072265625
34.135009765625
36.620849609375
31.27294921875
32.02490234375
36.00390625
31.886962890625
32.093994140625
35.91796875
33.14404296875
31.623046875
36.470947265625
31.163818359375
31.824951171875
36.4150390625
31.386962890625
32.239990234375
37.487060546875
30.43798828125
31.80615234375
36.067138671875
33.73583984375
30.837890625
35.493896484375
32.139892578125
31.993896484375
35.845947265625
32.112060546875
32.594970703125
35.257080078125
33.06201171875
31.12109375
35.6650390625
33.2490234375
31.654052734375
35.475830078125
33.6708984375
30.284912109375
35.76708984375
31.45703125
32.166015625
35.877197265625
32.068115234375
31.89111328125
37.74609375
31.205810546875
32.60400390625
35.35986328125
31.119873046875
32.73095703125
35.973876953125
31.81103515625
31.78515625
35.60693359375
32.72607421875
33.240966796875
34.19189453125
34.159912109375
27.426025390625
34.279052734375
32.009033203125
32.194091796875
39.43115234375
28.4189453125
31.741943359375
35.902099609375
32.14208984375
33.8359375
33.974853515625
32.2919921875
31.9990234375
35.444091796875
34.777099609375
33.822998046875
37.214111328125
31.659912109375
32.18798828125
34.97314453125
31.97607421875
32.725830078125
35.2099609375
32.969970703125
31.877197265625
35.4931640625
33.052001953125
31.577880859375
36.173095703125
31.9150390625
32.126953125
35.260009765625
33.283935546875
31.22900390625
36.053955078125
32.7421875
31.471923828125
36.02490234375
31.491943359375
32.406005859375
36.1279296875
31.508056640625
32.4638671875
35.259033203125
31.791015625
31.955078125
35.97216796875
32.7919921875
32.52099609375
35.953857421875
31.343994140625
27.385009765625
35.462890625
36.529052734375
29.824951171875
33.862060546875
31.8349609375
32.22509765625
35.903076171875
32.337158203125
31.9970703125
35.661865234375
32.02783203125
31.948974609375
