31.89599609375
22.172119140625
26.951904296875
28.022216796875
27.843994140625
31.410888671875
27.76904296875
24.220947265625
27.9189453125
23.60302734375
24.288818359375
28.242919921875
24.390869140625
23.698974609375
28.264892578125
23.94091796875
24.323974609375
28.345947265625
24.302001953125
28.342041015625
26.7880859375
23.677001953125
24.469970703125
26.97607421875
24.2412109375
23.385986328125
27.677001953125
24.426025390625
26.344970703125
31.712890625
28.095947265625
27.973876953125
29.090087890625
24.333984375
24.588134765625
28.552978515625
26.073974609375
27.507080078125
31.2060546875
24.634033203125
24.4921875
29.31396484375
24.3671875
24.326904296875
28.51904296875
27.9951171875
27.846923828125
31.76513671875
27.819091796875
27.46484375
31.52197265625
27.77294921875
27.902099609375
28.2109375
24.274169921875
23.919189453125
30.427001953125
24.193115234375
23.903076171875
26.158935546875
24.600830078125
24.14892578125
28.7509765625
24.505859375
24.22412109375
27.281982421875
23.778076171875
27.986083984375
27.06005859375
23.60009765625
23.419921875
28.139892578125
24.14013671875
23.286865234375
27.6650390625
24.10498046875
23.748046875
28.259033203125
24.17919921875
23.56005859375
27.554931640625
23.947998046875
23.442138671875
28.055908203125
24.27587890625
25.074951171875
28.08203125
24.285888671875
23.968994140625
28.377197265625
24.59619140625
23.626953125
31.90087890625
25.14599609375
24.36181640625
27.47705078125
24.2080078125
22.70703125
27.679931640625
23.54296875
23.611083984375
27.9208984375
23.862060546875
23.9228515625
27.583984375
23.89794921875
22.57080078125
27.2529296875
24.258056640625
22.776123046875
28.163818359375
25.907958984375
23.39599609375
27.910888671875
23.76513671875
24.133056640625
28.318115234375
24.093017578125
24.159912109375
27.932861328125
22.928955078125
21.135009765625
25.0830078125
21.291015625
21.136962890625
25.81298828125
22.56103515625
21.7119140625
27.342041015625
22.527099609375
21.031005859375
25.6240234375
21.512939453125
20.85986328125
26.086181640625
22.157958984375
23.227783203125
25.51806640625
21.593994140625
21.60888671875
25.515869140625
21.60302734375
21.2470703125
25.532958984375
22.198974609375
21.10498046875
25.47998046875
21.6669921875
22.2421875
22.746826171875
24.73095703125
25.049072265625
26.296142578125
21.76904296875
22.317138671875
25.53515625
22.87109375
20.177978515625
25.367919921875
22.35791015625
21.801025390625
25.086181640625
22.177978515625
22.819091796875
25.734130859375
22.593994140625
22.700927734375
25.64404296875
21.177001953125
20.671875
25.1689453125
21.982177734375
24.339111328125
26.175048828125
21.548095703125
22.27294921875
26.22802734375
22.20703125
22.343994140625
26.23291015625
22.31298828125
21.19384765625
25.529052734375
21.080078125
21.8759765625
26.022216796875
21.60888671875
22.22021484375
25.964111328125
20.490966796875
22.056884765625
26.25
22.200927734375
20.43701171875
25.576171875
22.074951171875
21.935791015625
25.929931640625
22.093017578125
21.970947265625
25.346923828125
22.092041015625
21.034912109375
25.9189453125
22.241943359375
21.0419921875
25.344970703125
21.822021484375
20.177001953125
25.85595703125
22.0869140625
22.64501953125
26.447021484375
22.5888671875
22.50390625
26.598876953125
20.85400390625
21.64892578125
25.032958984375
21.6591796875
22.535888671875
25.7890625
21.826171875
22.01904296875
26.196044921875
22.59912109375
21.884033203125
24.6328125
22.4638671875
20.2822265625
28.76220703125
26.4970703125
26.491943359375
30.371826171875
22.849853515625
26.424072265625
30.669189453125
26.776123046875
26.630126953125
28.782958984375
26.81884765625
26.531982421875
30.508056640625
27.9541015625
24.26708984375
26.532958984375
21.31103515625
21.638916015625
25.454833984375
22.455078125
22.47802734375
25.7431640625
22.531982421875
21.56591796875
25.676025390625
22.322998046875
21.0810546875
25.52587890625
21.35986328125
21.4541015625
25.300048828125
22.0419921875
20.76513671875
25.5
21.4560546875
20.68994140625
25.217041015625
21.239990234375
21.69189453125
25.278076171875
21.162109375
21.647216796875
25.15087890625
21.888916015625
22.096923828125
26.155029296875
22.159912109375
21.39501953125
24.841064453125
20.8681640625
21.531982421875
30.070068359375
26.68212890625
22.14892578125
28.240966796875
26.3779296875
26.56201171875
30.327880859375
26.4111328125
26.074951171875
30.0791015625
26.40087890625
26.381103515625
