45.276123046875
27.531982421875
25.375
23.762939453125
25.385009765625
25.801025390625
23.434814453125
26.214111328125
26.369140625
24.830078125
24.7890625
25.130859375
22.9208984375
22.5419921875
22.578125
22.751953125
23.27001953125
22.9970703125
20.524169921875
23.126220703125
22.64697265625
22.466064453125
24.170166015625
23.81396484375
22.48681640625
22.965087890625
24.274169921875
24.797119140625
22.9541015625
23.72998046875
25.628173828125
25.0390625
23.740966796875
22.2548828125
23.637939453125
23.4189453125
23.39892578125
24.09716796875
25.317138671875
25.324951171875
24.114013671875
25.57421875
24.488037109375
24.80908203125
23.81005859375
23.989013671875
25.850830078125
25.322998046875
25.494873046875
21.657958984375
26.302978515625
24.31689453125
24.837890625
22.39599609375
24.241943359375
24.490966796875
24.117919921875
23.835205078125
22.5380859375
22.416015625
23.052001953125
26.076171875
25.14697265625
3.97607421875
0
0
0
0
0
0
22.648193359375
37.35693359375
25.06201171875
23.18994140625
24.51708984375
24.093994140625
23.93310546875
27.43310546875
24.18408203125
25.388916015625
24.299072265625
24.94091796875
24.4501953125
24.9111328125
24.2841796875
25.307861328125
24.1728515625
23.614990234375
24.406005859375
25.072021484375
22.64208984375
24.5068359375
23.4599609375
23.453125
23.72314453125
23.493896484375
22.700927734375
23.013916015625
24.208984375
23.385986328125
22.60791015625
23.218017578125
23.623046875
23.4111328125
22.674072265625
22.652099609375
22.169189453125
27.494140625
22.041015625
24.39501953125
27.10888671875
22.23583984375
22.24609375
23.024169921875
21.0810546875
21.537841796875
23.9609375
21.093017578125
21.991943359375
21.769775390625
20.968994140625
22.80908203125
21.262939453125
22.43310546875
21.949951171875
23.68798828125
21.822021484375
23.10205078125
23.668212890625
21.18603515625
23.326904296875
23.800048828125
23.751953125
24.391845703125
24.5859375
25.884033203125
23.234130859375
22.262939453125
23.47998046875
21.9609375
23.9599609375
20.60888671875
22.48095703125
23.799072265625
22.06689453125
21.652099609375
22.848876953125
24.163818359375
24.408935546875
23.55908203125
22.3310546875
22.72900390625
22.819091796875
22.734130859375
24.1708984375
23.047119140625
21.524169921875
21.991943359375
22.83984375
3.65087890625
0
0
0
0
0
0
37.18115234375
25.298095703125
23.306884765625
21.8330078125
22.794921875
23.871826171875
23.139892578125
24.319091796875
22.700927734375
23.152099609375
23.053955078125
24.945068359375
23.72900390625
23.1259765625
23.5478515625
24.39697265625
23.633056640625
23.401123046875
23.861083984375
22.197998046875
23.47705078125
24.546875
23.60498046875
23.88818359375
22.830078125
22.637939453125
23.943115234375
23.359130859375
23.2412109375
21.766845703125
20.97705078125
21.623779296875
21.059814453125
21.4228515625
22.22802734375
21.238037109375
22.830078125
23.39990234375
23.324951171875
23.81591796875
23.52490234375
22.10498046875
24.077880859375
23.7041015625
22.050048828125
22.677978515625
23.405029296875
23.343994140625
23.375
23.406005859375
22.939208984375
22.783935546875
22.302978515625
22.330078125
21.7529296875
23.18994140625
24.283935546875
22.589111328125
22.428955078125
24.652099609375
22.01904296875
23.177978515625
22.6298828125
23.510986328125
24.947998046875
24.7509765625
24.640869140625
24.52001953125
25.156982421875
23.8291015625
24.193115234375
23.64697265625
23.557861328125
21.901123046875
23.93896484375
21.72216796875
22.72998046875
23.635986328125
24.31005859375
23.592041015625
22.758056640625
22.97314453125
23.62109375
24.0849609375
23.179931640625
22.1259765625
23.376953125
24.198974609375
23.134033203125
23.572021484375
22.367919921875
23.322021484375
24.01318359375
23.80810546875
22.681884765625
4.02685546875
0
0
0
0
0
0
0
46.51513671875
24.27685546875
23.108154296875
23.958984375
24.162109375
23.9990234375
23.60400390625
23.44189453125
23.6650390625
22.843017578125
24.62109375
23.656005859375
24.3701171875
23.60791015625
23.005126953125
22.35205078125
22.906982421875
23.7890625
24.552001953125
24.52880859375
24.14599609375
24.375
24.44677734375
23.3740234375
24.751953125
24.4609375
24.010009765625
24.531982421875
25.472900390625
23.949951171875
22.303955078125
23.85302734375
22.660888671875
24.079833984375
24.7509765625
24.256103515625
24.675048828125
23.7421875
22.171875
21.9970703125
24.4150390625
23.885009765625
23.6591796875
24.56201171875
23.64208984375
24.045166015625
