0.173095703125
0.177978515625
0.138916015625
0.10498046875
0.12890625
0.09716796875
0.10205078125
0.135009765625
0.10302734375
0.09912109375
0.10009765625
0.10595703125
0.1240234375
0.108154296875
0.10205078125
0.105224609375
0.097900390625
0.097900390625
0.096923828125
0.098876953125
0.098876953125
0.09814453125
0.117919921875
0.09912109375
0.100830078125
0.09814453125
0.10302734375
0.092041015625
0.097900390625
0.10400390625
0.10009765625
0.114990234375
0.099853515625
0.10107421875
0.097900390625
0.10791015625
0.093994140625
0.099853515625
0.119873046875
0.100830078125
0.095947265625
0.10693359375
0.095947265625
0.113037109375
0.094970703125
0.094970703125
0.093994140625
0.10302734375
0.089111328125
0.10107421875
0.098876953125
0.093994140625
0.100830078125
0.094970703125
0.093017578125
0.094970703125
0.097900390625
0.099853515625
0.09521484375
0.093994140625
0.095947265625
0.09619140625
0.10498046875
0
0
0
0
0
0
0.10693359375
0.094970703125
0.1640625
0.096923828125
0.096923828125
0.094970703125
0.119140625
0.117919921875
0.093994140625
0.095947265625
0.096923828125
0.098876953125
0.094970703125
0.10400390625
0.095947265625
0.094970703125
0.096923828125
0.09619140625
0.097900390625
0.097900390625
0.133056640625
0.09716796875
0.097900390625
0.100830078125
0.092041015625
0.094970703125
0.093994140625
0.094970703125
0.094970703125
0.09912109375
0.099853515625
0.096923828125
0.096923828125
0.099853515625
0.09912109375
0.096923828125
0.10693359375
0.088134765625
0.10693359375
0.10107421875
0.10595703125
0.098876953125
0.09912109375
0.10009765625
0.097900390625
0.09912109375
0.09814453125
0.095947265625
0.096923828125
0.09716796875
0.097900390625
0.10791015625
0.09814453125
0.10791015625
0.099853515625
0.09912109375
0.095947265625
0.09716796875
0.097900390625
0.095947265625
0.10009765625
0.095947265625
0.096923828125
0.102783203125
0.10205078125
0.10009765625
0.095947265625
0.09619140625
0.096923828125
0.095947265625
0.096923828125
0.09521484375
0.096923828125
0.0830078125
0.09912109375
0.096923828125
0.096923828125
0.095947265625
0.10009765625
0.101806640625
0.130859375
0.11083984375
0.094970703125
0.093994140625
0.10009765625
0.109130859375
0.101806640625
0.09912109375
0.093017578125
0.13720703125
0
0
0
0
0
0
0.123046875
0.093994140625
0.097900390625
0.09619140625
0.094970703125
0.107177734375
0.094970703125
0.09814453125
0.093017578125
0.092041015625
0.094970703125
0.095947265625
0.10498046875
0.096923828125
0.08984375
0.093017578125
0.093017578125
0.09521484375
0.095947265625
0.10302734375
0.091064453125
0.092041015625
0.093994140625
0.093994140625
0.092041015625
0.08984375
0.093017578125
0.095947265625
0.093994140625
0.097900390625
0.10107421875
0.095947265625
0.095947265625
0.097900390625
0.096923828125
0.09619140625
0.095947265625
0.094970703125
0.093994140625
0.096923828125
0.115966796875
0.095947265625
0.098876953125
0.099853515625
0.097900390625
0.10009765625
0.10302734375
0.097900390625
0.099853515625
0.10009765625
0.093994140625
0.095947265625
0.094970703125
0.093994140625
0.097900390625
0.09716796875
0.093994140625
0.093017578125
0.09814453125
0.096923828125
0.09912109375
0.09912109375
0.095947265625
0.095947265625
0.093994140625
0.117919921875
0.094970703125
0.089111328125
0.097900390625
0.097900390625
0.09814453125
0.092041015625
0.093994140625
0.096923828125
0.094970703125
0.093994140625
0.093994140625
0.135986328125
0.091064453125
0.096923828125
0.093994140625
0.094970703125
0.092041015625
0.107177734375
0.092041015625
0.095947265625
0.093994140625
0.0927734375
0.091064453125
0.094970703125
0.092041015625
0.083984375
0.094970703125
0.09716796875
0.10595703125
0.093017578125
0
0
0
0
0
0
0
0.0439453125
0.2119140625
0.086181640625
0.09912109375
0.090087890625
0.09619140625
0.10498046875
0.09521484375
0.0888671875
0.10205078125
0.095947265625
0.09716796875
0.100830078125
0.091064453125
0.096923828125
0.093017578125
0.095947265625
0.095947265625
0.099853515625
0.093994140625
0.095947265625
0.094970703125
0.094970703125
0.094970703125
0.096923828125
0.10693359375
0.093017578125
0.09814453125
0.095947265625
0.09716796875
0.108154296875
0.096923828125
0.098876953125
0.10009765625
0.10302734375
0.09716796875
0.098876953125
0.095947265625
0.10107421875
0.10498046875
0.10205078125
0.093017578125
0.10205078125
0.09716796875
0.10205078125
0.10986328125
0.09814453125
