4.52099609375
2.6259765625
2.177978515625
1.626953125
1.8759765625
1.6689453125
1.6669921875
2.1669921875
1.671142578125
1.632080078125
1.59912109375
1.580078125
1.7470703125
2.162109375
1.6689453125
1.58203125
1.68701171875
1.629150390625
1.60888671875
1.5888671875
1.56005859375
1.4111328125
1.5390625
1.655029296875
1.806884765625
1.77294921875
1.759033203125
1.703857421875
2.315185546875
1.773193359375
1.64306640625
1.626953125
1.64404296875
1.6181640625
1.59619140625
1.64990234375
2.662841796875
1.860107421875
1.702880859375
1.693115234375
1.68310546875
1.69091796875
1.68310546875
1.677001953125
1.637939453125
1.6259765625
1.64599609375
2.1162109375
1.89306640625
1.6689453125
1.68701171875
1.64794921875
1.573974609375
1.592041015625
1.55810546875
1.6259765625
1.6708984375
1.593994140625
1.614990234375
1.591064453125
1.76416015625
1.676025390625
1.654052734375
1.97216796875
2.225830078125
1.8349609375
1.5791015625
1.805908203125
1.777099609375
1.528076171875
1.60009765625
1.551025390625
2.06103515625
1.625
1.735107421875
1.64697265625
1.635986328125
1.635986328125
1.578857421875
1.594970703125
1.7451171875
1.62109375
1.6171875
1.6650390625
1.85205078125
1.80712890625
1.77197265625
1.658935546875
1.614013671875
1.626953125
1.44091796875
1.597900390625
1.637939453125
1.52685546875
1.625
1.6298828125
1.784912109375
1.825927734375
1.68505859375
1.653076171875
1.616943359375
1.591064453125
1.594970703125
1.64892578125
1.5869140625
1.558837890625
1.571044921875
2.0048828125
2.232177734375
1.66796875
1.64794921875
1.671142578125
1.6640625
1.625
1.567138671875
1.6240234375
1.60107421875
1.597900390625
1.572021484375
1.55810546875
1.827880859375
1.73291015625
1.46484375
1.577880859375
1.825927734375
1.632080078125
1.60498046875
1.615966796875
1.52294921875
1.64404296875
1.6201171875
1.656982421875
1.863037109375
1.81689453125
1.734130859375
1.60791015625
1.64404296875
1.580078125
1.705078125
1.6259765625
1.656982421875
1.617919921875
1.576904296875
1.691162109375
1.840087890625
1.705810546875
1.989013671875
1.641845703125
1.4970703125
2.606201171875
1.626220703125
1.64794921875
1.593994140625
1.490966796875
1.571044921875
1.692138671875
1.968017578125
1.983154296875
1.822021484375
1.580078125
1.679931640625
1.576171875
1.7880859375
3.527099609375
3.5419921875
3.628173828125
1.48095703125
1.62109375
1.8369140625
1.565185546875
1.718017578125
1.93017578125
1.629150390625
1.659912109375
1.584228515625
1.59912109375
1.6591796875
1.65380859375
1.552001953125
1.56884765625
1.841064453125
1.68115234375
1.657958984375
1.64892578125
1.613037109375
1.552978515625
1.573974609375
1.337158203125
1.59912109375
1.56201171875
1.60986328125
1.572021484375
1.843017578125
1.748779296875
1.47314453125
1.613037109375
1.566162109375
1.5771484375
1.579833984375
1.541015625
1.551025390625
1.569091796875
1.572998046875
1.568115234375
2.177978515625
1.778076171875
1.6318359375
1.64208984375
1.5859375
1.6279296875
1.623046875
2.369873046875
1.612060546875
1.651123046875
1.595947265625
1.802001953125
1.9189453125
1.77392578125
1.6201171875
1.5849609375
1.671142578125
1.608154296875
1.595947265625
1.6708984375
1.574951171875
1.6689453125
1.591064453125
1.705078125
1.80908203125
1.73095703125
1.713134765625
1.697998046875
1.6572265625
1.702880859375
1.713134765625
1.615966796875
1.684814453125
1.657958984375
1.623046875
1.4130859375
2.14501953125
1.635986328125
2.44580078125
1.568115234375
1.501953125
1.662109375
1.60693359375
1.6240234375
1.639892578125
1.55810546875
1.567138671875
1.546875
1.821044921875
1.675048828125
1.632080078125
1.639892578125
1.609130859375
1.685791015625
1.64013671875
1.5888671875
1.510009765625
1.705078125
2.89697265625
1.782958984375
2.154052734375
3.407958984375
1.8720703125
1.8720703125
1.4990234375
3.589111328125
1.576171875
1.7021484375
1.530029296875
1.593017578125
1.552978515625
1.953857421875
1.91015625
1.739013671875
1.694091796875
1.700927734375
1.65185546875
1.556884765625
1.669921875
1.51708984375
1.60107421875
1.5869140625
1.574951171875
1.575927734375
1.885986328125
1.748046875
1.718017578125
1.73193359375
1.89208984375
1.6259765625
1.631103515625
1.64501953125
1.581787109375
1.60888671875
1.61181640625
1.638916015625
1.97900390625
1.830078125
1.77392578125
1.677978515625
1.60791015625
2.01318359375
1.69677734375
1.44091796875
1.658935546875
1.652099609375
1.569091796875
1.623046875
1.875
1.8701171875
1.671875
