89.218017578125
33.535888671875
29.862060546875
27.40087890625
29.613037109375
29.497802734375
27.279052734375
31.77099609375
31.5380859375
34.366943359375
31.98486328125
32.220947265625
33.873046875
32.255126953125
31.4560546875
36.029052734375
32.6630859375
31.575927734375
33.45703125
34.746826171875
31.422119140625
35.596923828125
33.967041015625
31.712890625
34.7900390625
32.497802734375
34.032958984375
35.625
31.090087890625
31.7451171875
37.871826171875
31.5048828125
30.6689453125
34.34619140625
33.48095703125
32.0419921875
36.9599609375
31.843994140625
33.012939453125
35.958984375
30.783935546875
33.64990234375
34.841064453125
32.77001953125
30.803955078125
35.89501953125
34.370849609375
31.571044921875
35.85205078125
27.694091796875
36.90185546875
33.885986328125
32.764892578125
29.23388671875
38.322998046875
31.8779296875
31.863037109375
35.5048828125
30.756103515625
31.877197265625
36.725830078125
35.248046875
31.10595703125
14.3330078125
28.0771484375
31.80615234375
35.64306640625
32.321044921875
31.820068359375
55.136962890625
35.56298828125
47.44482421875
29.580078125
27.010009765625
30.14794921875
35.583984375
31.6279296875
35.408935546875
32.69384765625
33.491943359375
30.85302734375
36.35498046875
31.529052734375
32.58203125
35.287109375
33.2548828125
30.75
35.43994140625
32.89599609375
32.946044921875
32.700927734375
34.137939453125
31.06201171875
36.0361328125
32.192138671875
31.77880859375
35.89501953125
31.718994140625
33.135009765625
35.27099609375
30.843994140625
32.720947265625
36.526123046875
31.716064453125
31.337890625
35.7099609375
31.550048828125
38.18896484375
30.39306640625
33.8310546875
34.85400390625
30.903076171875
32.02783203125
32.7060546875
33.996826171875
32.52001953125
34.2939453125
33.060791015625
33.044921875
31.626953125
35.694091796875
33.64697265625
30.029052734375
37.44091796875
31.825927734375
33.261962890625
34.580810546875
32.89404296875
32.45703125
33.72900390625
34.01513671875
32.537109375
36.346923828125
32.491943359375
32.14501953125
37.10986328125
29.30810546875
30.989013671875
37.52099609375
30.2529296875
33.926025390625
32.669921875
33.744140625
33.506103515625
34.5859375
31.13623046875
33.80908203125
36.863037109375
32.05078125
32.991943359375
33.156005859375
32.254150390625
32.463134765625
35.3330078125
33.47607421875
31.304931640625
34.512939453125
32.60595703125
33.098876953125
15.656005859375
28.91796875
31.635986328125
32.163818359375
39.400146484375
32.171875
70.35498046875
41.06982421875
29.25390625
27.449951171875
25.72314453125
27.0791015625
31.615234375
35.114013671875
33.18505859375
30.10595703125
36.72900390625
31.914794921875
33.724853515625
34.637939453125
31.3798828125
32.696044921875
36.651123046875
31.162109375
31.945068359375
36.5087890625
30.050048828125
33.302978515625
36.846923828125
31.319091796875
32.133056640625
35.248779296875
31.93505859375
33.27099609375
35.344970703125
31.692138671875
30.783935546875
34.8759765625
32.5498046875
31.60009765625
36.262939453125
32.697998046875
31.184814453125
37.630126953125
32.462158203125
32.47314453125
36.333984375
31.461181640625
30.43798828125
38.109130859375
31.5810546875
31.183837890625
36.618896484375
31.761962890625
31.801025390625
36.51904296875
32.131103515625
31.573974609375
35.601806640625
31.219970703125
32.123046875
35.43701171875
33.2080078125
33.248046875
34.236083984375
31.77197265625
34.31298828125
33.306884765625
33.260986328125
31.412109375
36.8720703125
33.491943359375
31.764892578125
36.18505859375
31.70703125
32.404052734375
34.72509765625
32.385009765625
31.39794921875
36.0791015625
29.844970703125
34.884033203125
33.182861328125
34.218994140625
31.48388671875
36.846923828125
31.406005859375
31.089111328125
36.126953125
32.77197265625
32.440185546875
35.041015625
30.757080078125
33.81201171875
36.630126953125
30.701171875
32.444091796875
34.827880859375
33.1630859375
32.483154296875
35.802978515625
30.84912109375
13.661865234375
33.96484375
30.14208984375
32.18896484375
38.5478515625
28.910888671875
32.05908203125
55.240966796875
63.073974609375
28.322021484375
27.34912109375
27.85986328125
28.1640625
29.7080078125
32.0810546875
31.818115234375
36.19091796875
31.1650390625
33.884033203125
34.623046875
32.928955078125
31.153076171875
35.25
31.430908203125
32.65478515625
36.60595703125
32.926025390625
32.169921875
35.74609375
31.962158203125
32.23388671875
34.93505859375
33.321044921875
31.420166015625
35.663818359375
32.346923828125
33.26416015625
34.238037109375
30.7109375
33.318115234375
34.968994140625
33.131103515625
32.93310546875
35.2509765625
33.001953125
30.412109375
34.096923828125
32.04296875
34.626953125
35.2890625
31.9208984375
32.989013671875
35.805908203125
31.510009765625
