35.7529296875
1.072998046875
0.251953125
0.237060546875
0.2099609375
0.225830078125
0.218994140625
1.302978515625
1.5791015625
5.996826171875
3.638916015625
3.655029296875
7.362060546875
5.532958984375
5.31201171875
9.737060546875
5.821044921875
5.0859375
9.501953125
8.056884765625
5.322021484375
9.833984375
6.284912109375
4.366943359375
8.5791015625
5.7548828125
5.912841796875
7.213134765625
3.5859375
4.551025390625
8.79296875
2.85693359375
3.402099609375
8.654052734375
6.302978515625
4.826171875
8.760009765625
3.798095703125
3.968017578125
6.9208984375
2.9599609375
4.244873046875
6.697021484375
4.010009765625
3.100830078125
8.0859375
4.77978515625
1.820068359375
6.38916015625
2.447998046875
7.009033203125
5.743896484375
4.022216796875
3.093994140625
10.378173828125
3.5380859375
3.875
7.73193359375
4.4931640625
5.4970703125
9.781005859375
5.291015625
1.9970703125
6.465087890625
24.10009765625
28.048095703125
32.216796875
28.570068359375
28.241943359375
32.405029296875
9.2939453125
5.783935546875
0.22802734375
0.2587890625
1.762939453125
7.507080078125
3.927978515625
4.30908203125
4.86181640625
4.197021484375
2.68994140625
7.7978515625
3.44482421875
3.945068359375
7.308837890625
4.02197265625
2.791015625
8.0048828125
4.69482421875
3.7099609375
6.682861328125
6.011962890625
3.85986328125
8.791015625
4.822021484375
4.594970703125
9.258056640625
4.846923828125
5.19482421875
8.006103515625
4.718017578125
5.884033203125
9.1591796875
4.590087890625
4.8740234375
9.512939453125
5.81689453125
6.27685546875
4.06298828125
5.655029296875
3.803955078125
4.943115234375
6.031982421875
5.989990234375
9.27197265625
7.2919921875
6.765869140625
8.4658203125
7.37109375
6.333984375
10.784912109375
7.01611328125
5.338134765625
11.284912109375
5.873046875
6.029052734375
8.93603515625
6.152099609375
5.2939453125
8.85400390625
7.067138671875
5.06201171875
8.534912109375
4.219970703125
3.64404296875
7.534912109375
2.35693359375
5.052978515625
10.028076171875
4.515869140625
6.2822265625
8.382080078125
7.63720703125
5.953125
8.52001953125
5.830810546875
6.658203125
8.881103515625
3.968017578125
3.9619140625
6.923095703125
5.738037109375
5.527099609375
9.0029296875
5.6611328125
4.2080078125
8.98193359375
6.35107421875
5.761962890625
8.60205078125
24.97509765625
28.010009765625
28.4208984375
32.2919921875
24.869140625
24.705078125
0.31298828125
0.2080078125
0.199951171875
0.2119140625
0.2060546875
3.658935546875
8.02001953125
4.885986328125
3.714111328125
9.5859375
4.967041015625
4.995849609375
7.177978515625
4.56298828125
5.19091796875
8.487060546875
3.843017578125
4.64794921875
8.712890625
4.1640625
6.170166015625
8.843994140625
3.98388671875
4.6630859375
8.50390625
5.2509765625
5.3310546875
8.06689453125
4.72900390625
4.992919921875
10.197998046875
7.280029296875
6.762939453125
11.18798828125
6.85107421875
6.184814453125
11.033935546875
5.338134765625
4.884033203125
8.382080078125
4.064208984375
4.733154296875
10.135009765625
3.9970703125
5.337890625
9.3740234375
4.661865234375
4.8310546875
9.075927734375
4.4931640625
4.404052734375
8.804931640625
5.1689453125
5.95703125
9.9130859375
6.37109375
5.14404296875
7.905029296875
5.6650390625
5.905029296875
7.5400390625
6.277099609375
4.988037109375
9.566162109375
4.700927734375
3.19189453125
7.5419921875
3.236083984375
3.485107421875
7.10693359375
4.39111328125
3.988037109375
8.780029296875
4.4609375
6.6240234375
7.701904296875
6.51708984375
4.27685546875
8.85986328125
3.98388671875
4.56689453125
9.421875
5.337890625
4.571044921875
8.094970703125
5.094970703125
6.326171875
8.498046875
3.839111328125
5.127197265625
8.663818359375
5.828857421875
4.68505859375
8.140869140625
4.3759765625
5.51708984375
27.906005859375
25.8388671875
27.705078125
31.5830078125
24.906005859375
28.032958984375
31.9638671875
8.72607421875
0.35595703125
0.215087890625
0.215087890625
0.208984375
1.892822265625
4.234130859375
4.089111328125
8.194091796875
4.051025390625
5.135009765625
6.994140625
4.64501953125
3.447021484375
8.44482421875
5.0419921875
5.7529296875
8.8720703125
4.467041015625
3.382080078125
7.35693359375
3.404052734375
3.642822265625
7.193115234375
4.47607421875
2.9599609375
7.6630859375
3.81005859375
3.68115234375
6.296875
4.30908203125
5.255859375
8.172119140625
4.943115234375
4.06298828125
6.841064453125
3.802001953125
2.556884765625
8.284912109375
6.033203125
6.2080078125
7.405029296875
4.265869140625
4.137939453125
7.325927734375
3.30908203125
