89.22998046875
33.51904296875
29.8681640625
27.405029296875
29.616943359375
29.504150390625
27.282958984375
31.781005859375
31.536865234375
34.371826171875
31.98779296875
32.226806640625
33.8759765625
32.26708984375
31.4599609375
36.03515625
32.6669921875
31.5791015625
33.462890625
34.753173828125
31.425048828125
35.60205078125
33.973876953125
31.719970703125
34.79296875
32.507080078125
34.037109375
35.630126953125
31.097900390625
31.746826171875
37.876220703125
31.511962890625
30.675048828125
34.35107421875
33.487060546875
32.048095703125
36.968994140625
31.84814453125
33.01904296875
35.9658203125
30.785888671875
33.658203125
34.844970703125
32.77294921875
30.808837890625
35.90283203125
34.3759765625
31.5830078125
35.85205078125
27.701904296875
36.906005859375
33.89794921875
32.76513671875
29.239990234375
38.328125
31.885986328125
31.866943359375
35.51611328125
30.759033203125
31.885986328125
36.728759765625
35.260986328125
31.10595703125
14.341064453125
28.0810546875
31.81103515625
35.649169921875
32.326904296875
31.824951171875
55.14208984375
35.56787109375
47.448974609375
29.5859375
27.01220703125
30.154052734375
35.58984375
31.6337890625
35.411865234375
32.698974609375
33.4970703125
30.85986328125
36.35888671875
31.532958984375
32.5869140625
35.291015625
33.260009765625
30.755859375
35.445068359375
32.900146484375
32.950927734375
32.704833984375
34.14404296875
31.068115234375
36.041015625
32.197021484375
31.78515625
35.89892578125
31.724853515625
33.139892578125
35.275146484375
30.85107421875
32.73193359375
36.529052734375
31.721923828125
31.343017578125
35.715087890625
31.557861328125
38.204833984375
30.39794921875
33.8349609375
34.859130859375
30.908935546875
32.032958984375
32.7099609375
34.004150390625
32.52392578125
34.300048828125
33.067138671875
33.050048828125
31.629150390625
35.698974609375
33.652099609375
30.032958984375
37.447021484375
31.831787109375
33.267822265625
34.5869140625
32.899169921875
32.462890625
33.735107421875
34.01904296875
32.54296875
36.350830078125
32.498779296875
32.15380859375
37.116943359375
29.31396484375
30.994140625
37.572998046875
30.216064453125
33.93212890625
32.677978515625
33.74609375
33.512939453125
34.590087890625
31.14306640625
33.818115234375
36.868896484375
32.052978515625
33.006103515625
33.156005859375
32.260009765625
32.467041015625
35.338134765625
33.48193359375
31.314208984375
34.51806640625
32.61083984375
33.10693359375
15.6611328125
28.923828125
31.640869140625
32.170166015625
39.4189453125
32.181884765625
70.364990234375
41.06298828125
29.260009765625
27.455078125
25.72998046875
27.0830078125
31.625
35.119873046875
33.192138671875
30.109130859375
36.73486328125
31.925048828125
33.72900390625
34.640869140625
31.38623046875
32.698974609375
36.655029296875
31.170166015625
31.950927734375
36.51220703125
30.053955078125
33.30712890625
36.847900390625
31.327880859375
32.134033203125
35.258056640625
31.941162109375
33.27587890625
35.347900390625
31.7021484375
30.7880859375
34.8798828125
32.55419921875
31.60400390625
36.26708984375
32.701904296875
31.18896484375
37.635009765625
32.468017578125
32.47607421875
36.341064453125
31.466064453125
30.443115234375
38.114990234375
31.5859375
31.186767578125
36.626953125
31.76708984375
31.803955078125
36.52490234375
32.136962890625
31.578857421875
35.609130859375
31.22412109375
32.1279296875
35.444091796875
33.217041015625
33.25390625
34.241943359375
31.775146484375
34.321044921875
33.31298828125
33.27001953125
31.4140625
36.8759765625
33.495849609375
31.77490234375
36.18701171875
31.7119140625
32.408935546875
34.72607421875
32.39111328125
31.402099609375
36.08203125
29.85107421875
34.89208984375
33.18701171875
34.220947265625
31.490966796875
36.851806640625
31.410888671875
31.093017578125
36.130859375
32.778076171875
32.447998046875
35.046142578125
30.760009765625
33.822021484375
36.6298828125
30.7060546875
32.448974609375
34.8330078125
33.1689453125
32.490966796875
35.80615234375
30.859130859375
13.671875
33.97607421875
30.14501953125
32.19287109375
38.56396484375
28.9091796875
32.06689453125
55.243896484375
63.092041015625
28.31396484375
27.360107421875
27.865966796875
28.16796875
29.712890625
32.090087890625
32.0859375
35.93896484375
31.168212890625
33.886962890625
34.630126953125
32.93603515625
31.1669921875
35.2509765625
31.44287109375
32.658935546875
36.613037109375
32.93115234375
32.176025390625
35.75
31.969970703125
32.239990234375
34.94384765625
33.324951171875
31.43408203125
35.6630859375
32.35400390625
33.26904296875
34.2451171875
30.718994140625
33.330078125
34.97412109375
33.138916015625
32.936767578125
35.263916015625
33.007080078125
30.420166015625
34.10498046875
32.048095703125
34.633056640625
35.294921875
31.927001953125
32.9970703125
35.81396484375
31.52099609375
