0.007080078125
0.027099609375
0.203125
0.17578125
0.160888671875
0.156982421875
0.14599609375
0.193115234375
0.18310546875
0.18115234375
0.1279296875
0.1640625
0.161865234375
0.179931640625
0.135986328125
0.171875
0.180908203125
0.213134765625
0.13720703125
0.1728515625
0.126953125
0.201904296875
0.1318359375
0.177001953125
0.135009765625
0.177001953125
0.138916015625
0.156982421875
0.14306640625
0.150146484375
0.1279296875
0.162841796875
0.137939453125
0.18408203125
0.2060546875
0.169921875
0.139892578125
0.171142578125
0.1337890625
0.160888671875
0.174072265625
0.157958984375
0.173828125
0.174072265625
0.118896484375
0.156982421875
0.1240234375
0.1669921875
0.14599609375
0.18701171875
0.127197265625
0.176025390625
0.180908203125
0.1708984375
0.130126953125
0.2080078125
0.1298828125
0.180908203125
0.1328125
0.155029296875
0.154052734375
0.1650390625
0.14306640625
0.177001953125
0.14501953125
0.1630859375
0.143798828125
0.158935546875
0.140869140625
0.203125
0.118896484375
0.197998046875
0.126220703125
0.19091796875
0.156005859375
0.166015625
0.130126953125
0.177978515625
0.119140625
0.162841796875
0.1201171875
0.15380859375
0.122802734375
0.136962890625
0.158935546875
0.18408203125
0.135986328125
0.158935546875
0.1279296875
0.2099609375
0.137939453125
0.1728515625
0.13818359375
0.18115234375
0.15380859375
0.15185546875
0.1337890625
0.159912109375
0.23583984375
0.163818359375
0.134765625
0.159912109375
0.1728515625
0
0
0
0
0
0
0
0.2060546875
0.212890625
0.114013671875
0.1748046875
0.142822265625
0.15087890625
0.14697265625
0.1640625
0.130126953125
0.166015625
0.14501953125
0.18701171875
0.184814453125
0.177978515625
0.14013671875
0.1591796875
0.151123046875
0.1669921875
0.18701171875
0.1669921875
0.134033203125
0
0
0
0
0
0
0
0
0
0
0.18603515625
0.154052734375
0.161865234375
0.14794921875
0.18212890625
0.1240234375
0.161865234375
0.151123046875
0.18212890625
0.129150390625
0.174072265625
0.15283203125
0.204833984375
0.141845703125
0.161865234375
0.157958984375
0.174072265625
0.127197265625
0.1689453125
0.150146484375
0.17578125
0.1650390625
0.15087890625
0.144775390625
0.150146484375
0.135986328125
0.16015625
0.134033203125
0.1728515625
0.127197265625
0.20703125
0.159912109375
0.162841796875
0.14599609375
0.14990234375
0.136962890625
0.173828125
0.130859375
0.178955078125
0.149169921875
0.162841796875
0.18994140625
0.156005859375
0.125
0.14404296875
0.181884765625
0.159912109375
0.14013671875
0.14990234375
0.113037109375
0.166015625
0.193115234375
0.1708984375
0.154052734375
0.172119140625
0.132080078125
0.142822265625
0.18310546875
0.159912109375
0.123779296875
0.162841796875
0.147216796875
0.153076171875
0.12109375
0.198974609375
0.1220703125
0.1650390625
0.126953125
0.1689453125
0.17919921875
0
0
0
0
0
0
0
0.134033203125
0.158935546875
0.136962890625
0.172119140625
0.14013671875
0.1630859375
0.19189453125
0.173828125
0.120849609375
0.14697265625
0.154052734375
0.216064453125
0.14306640625
0.174072265625
0.175048828125
0.153076171875
0.11083984375
0.166015625
0.1298828125
0
0
0
0
0
0
0
0
0
0.190185546875
0.160888671875
0.14208984375
0.150146484375
0.135986328125
0.14501953125
0.121826171875
0.163818359375
0.14990234375
0.158935546875
0.154052734375
0.1669921875
0.135009765625
0.1640625
0.14599609375
0.169921875
0.1259765625
0.158935546875
0.156982421875
0.152099609375
0.198974609375
0.14208984375
0.18310546875
0.176025390625
0.140869140625
0.140869140625
0.132080078125
0.156982421875
0.18212890625
0.14501953125
0.133056640625
0.1630859375
0.170166015625
0.1640625
0.162109375
0.169921875
0.13916015625
0.166015625
0.1279296875
0.162109375
0.16796875
0.192138671875
0.162841796875
0.162841796875
0.156005859375
0.1640625
0.135009765625
0.168212890625
0.15185546875
0.169921875
0.131103515625
0.14697265625
0.12890625
0.158935546875
0.15283203125
0.171875
0.135009765625
0.175048828125
0.130126953125
0.175048828125
0.121826171875
0.174072265625
0.14892578125
0
0
0
0
0
0
0
0.133056640625
0.2041015625
0.10791015625
0.162841796875
0.125
0.162841796875
0.149169921875
0.240966796875
0.1708984375
0.22216796875
0.1279296875
0.1708984375
0.1708984375
0.14501953125
0.15087890625
0.1650390625
0.1708984375
0.139892578125
0
0
0
0
0
0
0
0
0
0.156005859375
0.177001953125
0.166015625
0.14892578125
0.2080078125
0.129150390625
0.158935546875
0.135009765625
0.1728515625
0.132080078125
0.1640625
0.134033203125
0.154052734375
0.1640625
0.183837890625
0.135986328125
0.166015625
0.114013671875
0.169921875
0.14599609375
0.170166015625
0.13916015625
0.169921875
0.129150390625
0.162109375
0.14697265625
0.198974609375
0.135986328125
0.170166015625
0.1591796875
0.166015625
0.135986328125
0.1650390625
0.131103515625
0.14794921875
0.14208984375
0.18505859375
0.1171875
0.18896484375
0.123046875
0.162109375
0.15478515625
0.227783203125
0.125
0.170166015625
0.1689453125
0.19091796875
0.16015625
0.171142578125
0.14111328125
0.153076171875
0.22216796875
0.1728515625
0.1201171875
0.1650390625
0.14697265625
0.1669921875
0.18701171875
0.181884765625
0.22900390625
0.1611328125
0.196044921875
0.174072265625
0
0
0
0
0
0
0.130126953125
0.1689453125
0.14892578125
0.1630859375
0.13818359375
0.1708984375
0.156005859375
0.161865234375
0.126220703125
0.155029296875
0.136962890625
0.18505859375
0.135986328125
0.158935546875
0.162841796875
0.140869140625
0.133056640625
0.1689453125
0.156005859375
0
0
0
0
0
0
0
0
0
0.132080078125
0.170166015625
0.119140625
0.159912109375
0.144775390625
0.16796875
0.135986328125
0.154052734375
0.14892578125
0.14599609375
0.117919921875
0.162841796875
0.1318359375
0.16796875
0.139892578125
0.1650390625
0.162841796875
0.160888671875
0.133056640625
0.148193359375
0.129150390625
0.15283203125
0.1298828125
0.18603515625
0.128173828125
0.178955078125
0.1708984375
0.166015625
