1.757080078125
0.162841796875
0.20703125
0.18408203125
0.194091796875
0.20703125
0.22607421875
0.193115234375
0.236083984375
0.2060546875
0.2490234375
0.2861328125
0.243896484375
0.202880859375
0.22021484375
0.300048828125
0.23486328125
0.277099609375
0.194091796875
0.196044921875
0.27294921875
0.197021484375
0.222900390625
0.302978515625
0.27490234375
0.27197265625
0.245849609375
0.296875
0.217041015625
0.25
0.264892578125
0.2470703125
0.265869140625
0.25390625
0.25
0.4169921875
0.286865234375
0.218994140625
0.230224609375
0.25390625
0.2490234375
0.3330078125
0.2890625
0.289794921875
0.238037109375
0.287841796875
0.2490234375
0.324951171875
0.300048828125
0.30615234375
0.37109375
0.26904296875
0.35107421875
0.3408203125
0.363037109375
0.369140625
0.327880859375
0.369873046875
0.39013671875
0.4208984375
0.3662109375
0.4189453125
0.305908203125
0.321044921875
0.532958984375
0.39306640625
0.39306640625
0.3359375
0.404052734375
0.33203125
0.299072265625
0.455078125
0.3720703125
0.39306640625
0.39794921875
0.363037109375
0.41796875
0.389892578125
0.416015625
0.47509765625
0.39404296875
0.43212890625
0.430908203125
0.43505859375
0.385986328125
0.470947265625
0.446044921875
0.505126953125
0.42919921875
0.376953125
0.4619140625
0.43603515625
0.4970703125
0.58203125
0.466796875
0.487060546875
0.47802734375
0.533935546875
0.47509765625
0.43701171875
0.456787109375
0.39599609375
0.424072265625
0.47998046875
0.48291015625
0.468994140625
0.556884765625
0.599853515625
0.514892578125
0.428955078125
0.987060546875
0.56298828125
0.518798828125
0.468017578125
0.498046875
0.52197265625
0.423095703125
0.55810546875
0.51806640625
0.466064453125
0.477783203125
0.474853515625
0.4658203125
0.458984375
0.427001953125
0.393798828125
0.501953125
0.43994140625
0.662841796875
0.64208984375
0.498046875
0.837890625
0.492919921875
0.5830078125
0.57080078125
0.561767578125
0.5869140625
0.666015625
0.506103515625
0.568115234375
0.614990234375
0.52197265625
0.62890625
0.44287109375
0.4951171875
0.486083984375
0.516845703125
0.402099609375
0.513916015625
0.43505859375
0.545166015625
0.55908203125
0.552978515625
0.776123046875
0.55810546875
0.532958984375
0.55908203125
0.43310546875
0.5849609375
0.527099609375
0.564208984375
0.531982421875
0.625
0.60107421875
0.501953125
0.531005859375
0.640869140625
0.726806640625
0.60400390625
0.739990234375
0.549072265625
0.583984375
0.595947265625
0.182861328125
0.25390625
0.25
0.20703125
0.240966796875
0.219970703125
0.208984375
0.25390625
0.2529296875
0.255126953125
0.261962890625
0.264892578125
0.257080078125
0.259033203125
0.22509765625
0.26806640625
0.238037109375
0.280029296875
0.268798828125
0.234130859375
0.2900390625
0.3330078125
0.2880859375
0.244140625
0.300048828125
0.22998046875
0.373046875
0.300048828125
0.267822265625
0.325927734375
0.25
0.26708984375
0.30908203125
0.375
0.317138671875
0.347900390625
0.256103515625
0.318115234375
0.324951171875
0.319091796875
0.280029296875
0.325927734375
0.339111328125
0.331787109375
0.27490234375
0.318115234375
0.4208984375
0.3291015625
0.35107421875
0.333984375
0.32421875
0.319091796875
0.3310546875
0.356201171875
0.342041015625
0.35302734375
0.345947265625
0.269775390625
0.373046875
0.375
0.352783203125
0.39892578125
0.376953125
0.361083984375
0.328857421875
0.385986328125
0.3740234375
0.342041015625
0.305908203125
0.35888671875
0.308837890625
0.3779296875
0.345947265625
0.3330078125
0.3759765625
0.39208984375
0.326904296875
0.39306640625
0.281982421875
0.391845703125
0.35107421875
0.326904296875
0.366943359375
0.2939453125
0.408935546875
0.364990234375
0.412109375
0.40087890625
0.408935546875
0.41015625
0.382080078125
0.41796875
0.335205078125
0.404052734375
0.429931640625
0.4228515625
0.379150390625
0.389892578125
0.40185546875
0.408935546875
0.3740234375
0.428955078125
0.216064453125
0.208984375
0.26318359375
0.2138671875
0.258056640625
0.307861328125
0.261962890625
0.30712890625
0.2138671875
0.275146484375
0.22900390625
0.277099609375
0.23486328125
0.31494140625
0.205078125
0.295166015625
0.297119140625
0.282958984375
0.259033203125
0.346923828125
0.2490234375
0.29296875
0.255859375
0.325927734375
0.296875
0.282958984375
0.26416015625
0.303955078125
0.22607421875
0.381103515625
0.27001953125
0.299072265625
0.260009765625
0.3310546875
0.23583984375
0.303955078125
0.27294921875
0.35205078125
0.307861328125
0.308837890625
0.313232421875
0.35693359375
0.299072265625
0.3720703125
0.286865234375
0.282958984375
0.2958984375
0.298095703125
0.2939453125
0.343994140625
0.283935546875
0.34521484375
0.35498046875
0.31298828125
0.35498046875
0.35693359375
0.2919921875
0.3837890625
0.362060546875
0.3720703125
0.376953125
0.349853515625
0.364013671875
0.348876953125
0.35107421875
0.362060546875
0.373046875
0.301025390625
0.345947265625
0.43505859375
0.303955078125
0.316162109375
0.365234375
0.330078125
0.30615234375
0.43896484375
0.373046875
0.363037109375
0.35205078125
0.379150390625
0.3271484375
0.364013671875
0.39990234375
0.4130859375
0.344970703125
0.466064453125
0.301025390625
0.299072265625
0.39208984375
0.4150390625
0.35986328125
0.35595703125
0.39404296875
0.427001953125
0.380859375
0.380126953125
0.40185546875
0.22314453125
0.22607421875
0.219970703125
0.203125
0.244140625
0.26513671875
0.26708984375
0.260986328125
0.260009765625
0.26708984375
0.27392578125
0.199951171875
0.251953125
0.2431640625
0.280029296875
0.281005859375
0.299072265625
0.26806640625
0.275146484375
0.294921875
0.301025390625
0.285888671875
0.248046875
0.2978515625
0.302978515625
0.2958984375
0.24609375
0.2568359375
0.31201171875
0.2939453125
0.316162109375
0.343994140625
0.326904296875
0.39697265625
0.320068359375
0.328125
0.344970703125
0.27783203125
0.322021484375
0.260986328125
0.26708984375
0.26611328125
0.260986328125
0.3359375
0.256103515625
0.281982421875
0.324951171875
0.27685546875
0.328125
0.278076171875
0.30908203125
0.325927734375
0.300048828125
0.338134765625
0.330078125
0.302978515625
0.360107421875
0.320068359375
0.363037109375
0.3740234375
0.345947265625
0.348876953125
0.381103515625
0.376953125
0.3720703125
0.38916015625
0.376953125
0.294189453125
0.399169921875
0.31396484375
0.361083984375
0.360107421875
0.308837890625
0.335205078125
0.367919921875
0.373046875
0.31591796875
0.27099609375
0.357177734375
0.35400390625
0.34619140625
0.3271484375
0.406005859375
0.41015625
0.40283203125
0.337158203125
0.364990234375
0.414794921875
0.401123046875
0.407958984375
0.410888671875
0.333984375
0.4189453125
0.428955078125
0.3828125
0.40478515625
