6.678955078125
7.614990234375
8.406982421875
7.12109375
7.360107421875
6.976806640625
7.51708984375
6.717041015625
8.11181640625
6.712890625
6.4130859375
7.72509765625
6.68798828125
6.6611328125
7.0869140625
7.580078125
6.4580078125
7.6220703125
7.6279296875
6.05712890625
6.619873046875
6.295166015625
6.06103515625
6.2880859375
7.27197265625
7.33984375
6.516845703125
7.5439453125
6.781005859375
6.516845703125
7.48388671875
6.469970703125
6.5380859375
5.368896484375
6.72900390625
5.80712890625
7.018798828125
6.60009765625
7.25390625
6.098876953125
7.010009765625
5.9580078125
7.718994140625
6.568115234375
6.5048828125
6.265869140625
6.35400390625
6.27001953125
7.795166015625
7.2470703125
5.7431640625
5.510986328125
6.256103515625
6.10595703125
5.751220703125
6.720947265625
6.823974609375
7.52880859375
7.31201171875
7.00390625
6.56005859375
7.18701171875
6.329833984375
6.72607421875
6.433837890625
7.68408203125
6.783203125
7.5791015625
6.29296875
7.173828125
6.494140625
6.69287109375
7.010009765625
6.7490234375
6.091064453125
6.675048828125
6.637939453125
8.19091796875
7.569091796875
7.129150390625
6.591064453125
7.01611328125
6.4619140625
6.15380859375
6.462158203125
7.0341796875
6.843017578125
8.8759765625
7.011962890625
8.14599609375
7.663818359375
7.076171875
6.783935546875
7.24609375
6.47509765625
7.696044921875
7.907958984375
8.491943359375
8.011962890625
7.720947265625
7.49609375
5.360107421875
5.84912109375
6.0830078125
6.171875
7.27001953125
6.217041015625
6.721923828125
7.241943359375
6.81494140625
11.77392578125
6.0869140625
6.890869140625
8.201904296875
8.044189453125
7.802001953125
8.343017578125
7.14013671875
8.391845703125
8.4208984375
8.169921875
8.428955078125
7.419921875
6.3349609375
7.05419921875
6.97900390625
6.364013671875
7.85693359375
5.953857421875
7.302978515625
6.02001953125
6.553955078125
7.39404296875
6.486083984375
5.97802734375
6.472900390625
6.494873046875
6.5751953125
5.95703125
5.865966796875
8.415771484375
7.93603515625
6.37109375
6.46484375
6.89990234375
8.155029296875
7.326904296875
8.73193359375
6.23583984375
6.3818359375
6.123046875
7.51611328125
7.9228515625
6.9111328125
5.9130859375
5.48193359375
6.7109375
6.97998046875
6.9140625
6.781982421875
6.58203125
6.544189453125
7.177978515625
6.4970703125
6.762939453125
6.403076171875
7.514892578125
7.2109375
6.92578125
7.541015625
6.801025390625
7.81591796875
7.510009765625
6.136962890625
9.06982421875
8.830810546875
7.615966796875
8.6689453125
6.469970703125
8.72802734375
6.73291015625
6.358154296875
5.843017578125
7.251953125
7.97998046875
7.884033203125
7.9111328125
6.671142578125
7.18603515625
6.655029296875
7.926025390625
8.77294921875
6.43701171875
9.046142578125
6.744140625
8.968994140625
8.3310546875
7.06591796875
5.79296875
7.212158203125
6.26708984375
6.784912109375
7.221923828125
6.881103515625
6.227783203125
7.06005859375
7.794921875
8.467041015625
7.3349609375
7.608154296875
8.092041015625
9.2509765625
7.370849609375
7.85791015625
6.638916015625
8.177001953125
6.7919921875
7.045166015625
5.424072265625
9.291015625
6.123046875
8.036865234375
5.89892578125
7.217041015625
7.77490234375
8.536865234375
6.4130859375
8.328857421875
7.0439453125
7.675048828125
5.4609375
7.87890625
6.385986328125
8.510986328125
6.88916015625
7.34619140625
7.35205078125
8.181884765625
7.130859375
7.14208984375
6.0380859375
7.606201171875
7.23388671875
7.212890625
6.9140625
7.2509765625
6.785888671875
6.913818359375
6.925048828125
6.923095703125
7.09912109375
5.947998046875
6.010009765625
7.3369140625
6.76416015625
6.89892578125
5.56494140625
8.214111328125
7.906005859375
8.06201171875
6.11181640625
7.383056640625
6.5400390625
8.408935546875
7.234130859375
7.575927734375
8.414794921875
9.080078125
8.248046875
8.833984375
8.948974609375
8.244873046875
7.85595703125
6.861083984375
6.302001953125
7.48583984375
5.85400390625
6.8779296875
7.243896484375
7.20703125
7.494873046875
7.563232421875
7.798095703125
6.89111328125
6.1640625
6.47705078125
7.411865234375
6.719970703125
6.891845703125
6.669921875
7.905029296875
8.4150390625
7.501953125
7.04296875
7.466064453125
7.47509765625
7.241943359375
7.0029296875
8.35595703125
8.471923828125
5.885986328125
6.39794921875
6.138916015625
6.114990234375
6.265869140625
6.150146484375
6.40478515625
7.5048828125
8.006103515625
5.52392578125
6.962890625
6.434814453125
6.720947265625
7.787109375
8.093017578125
8.594970703125
5.635986328125
7.81396484375
7.094970703125
8.26318359375
7.68798828125
7.93310546875
7.42919921875
7.6181640625
6.931884765625
7.57177734375
6.946044921875
8.805908203125
6.26513671875
7.011962890625
6.656982421875
7.510986328125
6.531982421875
6.10107421875
6.8828125
7.281005859375
7.178955078125
7.617919921875
6.72705078125
7.742919921875
6.427978515625
7.56201171875
6.4189453125
7.05078125
7.157958984375
7.098876953125
6.72802734375
8.763916015625
7.48291015625
7.5478515625
6.323974609375
8.399169921875
8.1708984375
7.716064453125
7.4560546875
7.386962890625
6.827880859375
8.425048828125
6.597900390625
6.631103515625
6.900146484375
6.953857421875
7.376953125
8.06005859375
6.46484375
6.824951171875
6.445068359375
7.4951171875
7.799072265625
8.27490234375
7.677001953125
6.739013671875
7.47802734375
7.72509765625
6.566162109375
7.3701171875
6.550048828125
8.47509765625
5.594970703125
6.956787109375
6.909912109375
9.048095703125
6.75390625
7.010986328125
6.21484375
7.925048828125
6.708984375
9.58203125
7.014892578125
7.65283203125
8.134033203125
6.909912109375
6.343017578125
7.06884765625
6.93408203125
7.546875
6.77294921875
6.994140625
5.56005859375
6.9638671875
6.22119140625
9.1240234375
6.60791015625
8.205078125
6.81982421875
6.7939453125
6.697021484375
8.492919921875
7.0029296875
8.10400390625
7.1708984375
6.984130859375
6.343017578125
7.493896484375
5.986083984375
6.991943359375
6.632080078125
7.34912109375
7.048095703125
6.63916015625
7.987060546875
7.06298828125
8.08203125
7.262939453125
7.0771484375
7.3330078125
6.840087890625
8.43212890625
8.160888671875
8.010009765625
7.14697265625
7.872802734375
7.583984375
6.720947265625
6.677978515625
8.2919921875
6.431884765625
7.55908203125
7.885986328125
7.342041015625
6.85986328125
7.890869140625
8.170166015625
8.97998046875
6.43603515625
7.79296875
6.68798828125
8.142822265625
6.6318359375
5.97998046875
6.291015625
6.380126953125
7.06201171875
6.873046875
6.423095703125
7.76513671875
7.087890625
7.3740234375
6.3720703125
8.31787109375
8.10498046875
8.380859375
7.6650390625
6.14306640625
7.179931640625
8.578125
6.5
8.449951171875
