25.422119140625
15.833984375
16.509033203125
15.505859375
14.525146484375
15.45703125
15.071044921875
14.77587890625
15.98193359375
14.359130859375
13.44287109375
16.093994140625
14.511962890625
13.625
13.64404296875
15.553955078125
14.406005859375
14.7548828125
14.25390625
13.427001953125
13.117919921875
14.672119140625
13.60107421875
13.908935546875
14.346923828125
14.804931640625
13.719970703125
14.891845703125
13.35302734375
13.924072265625
15.4970703125
14.469970703125
14.2099609375
12.617919921875
14.85595703125
13.39208984375
13.60986328125
14.859130859375
14.393798828125
14.150146484375
15.928955078125
12.4169921875
15.51904296875
14.008056640625
13.008056640625
14.947998046875
13.337890625
13.503173828125
15.435791015625
16.64892578125
12.385009765625
14.881103515625
13.80908203125
13.614013671875
12.637939453125
14.950927734375
13.869873046875
15.66796875
14.31201171875
14.25390625
13.364990234375
15.425048828125
14.02294921875
14.887939453125
14.778076171875
15.164794921875
13.531982421875
15.6259765625
13.882080078125
15.489013671875
12.943115234375
14.4111328125
15.080078125
14.364990234375
12.943115234375
14.056884765625
13.31494140625
17.154052734375
15.218017578125
14.368896484375
14.412109375
14.369873046875
13.385009765625
13.533935546875
13.675048828125
15.66796875
14.156982421875
15.820068359375
14.7490234375
16.076904296875
14.570068359375
15.133056640625
13.964111328125
17.470947265625
12.973876953125
14.68701171875
15.585205078125
16.56982421875
16.322998046875
16.031005859375
15.91015625
13.898193359375
16.625
12.38916015625
13.44091796875
15.174072265625
14.6591796875
15.1708984375
15.06689453125
14.074951171875
20.251953125
13.23095703125
14.8330078125
15.9921875
16.405029296875
15.53515625
14.81689453125
14.587890625
16.388916015625
17.23583984375
16.034912109375
16.48095703125
15.504150390625
14.509033203125
14.030029296875
13.333984375
13.279052734375
16.179931640625
14.97119140625
15.815185546875
16.458984375
14.48291015625
14.637939453125
13.43017578125
13.140869140625
13.35107421875
13.321044921875
14.579833984375
12.43603515625
12.993896484375
16.378173828125
16.19287109375
14.568115234375
15.2900390625
15.1669921875
16.822998046875
14.657958984375
16.6640625
13.466796875
15.988037109375
13.148193359375
15.9970703125
16.4931640625
16.217041015625
13.626953125
12.803955078125
14.4150390625
15.1669921875
14.175048828125
14.41796875
13.8720703125
15.18505859375
16.01416015625
14.580078125
14.076904296875
13.471923828125
15.616943359375
15.5419921875
14.60205078125
15.2890625
13.7861328125
15.987060546875
15.5849609375
14.8330078125
21.026123046875
20.863037109375
18.408935546875
21.72900390625
16.19091796875
20.531005859375
16.89794921875
17.79296875
14.93994140625
18.87890625
19.737060546875
21.0361328125
18.014892578125
20.423095703125
17.594970703125
19.302001953125
17.722900390625
21.4990234375
18.2099609375
22.259033203125
16.3671875
20.760986328125
18.655029296875
18.5458984375
17.052978515625
20.840087890625
15.64404296875
19.89599609375
17.04296875
19.26904296875
17.241943359375
20.47509765625
17.60107421875
21.14111328125
18.358154296875
20.5400390625
24.078857421875
21.490966796875
19.344970703125
20.05908203125
15.651123046875
20.541015625
16.719970703125
19.927978515625
15.052001953125
23.169921875
16.7880859375
21.177978515625
16.7978515625
19.80810546875
19.97705078125
22.73095703125
16.43115234375
21.14404296875
18.338134765625
21.259033203125
15.488037109375
22.43603515625
20.573974609375
21.06103515625
16.656005859375
21.43896484375
24.56884765625
20.324951171875
17.68896484375
20.018798828125
18.007080078125
20.9912109375
18.608154296875
19.867919921875
18.537841796875
21.90185546875
17.254150390625
21.177001953125
18.206787109375
18.768798828125
17.578125
18.708984375
16.790771484375
21.3388671875
18.35693359375
21.0390625
14.946044921875
20.326904296875
18.43798828125
21.52685546875
15.81103515625
22.048095703125
16.48779296875
22.0009765625
18.81005859375
19.822021484375
20.39501953125
21.838134765625
18.967041015625
21.031982421875
20.7509765625
21.455078125
19.3291015625
19.97802734375
16.281005859375
20.362060546875
15.93701171875
19.654052734375
18.279052734375
20.010009765625
17.032958984375
19.593994140625
18.27490234375
19.9140625
16.323974609375
19.83203125
18.676025390625
21.16796875
18.378173828125
20.572021484375
21.641845703125
21.844970703125
18.275146484375
19.406982421875
19.087158203125
19.60400390625
17.091064453125
19.716064453125
18.589111328125
20.56689453125
16.569091796875
19.27490234375
16.10595703125
19.56396484375
16.262939453125
18.801025390625
16.30419921875
21.083984375
25.296875
17.283935546875
16.502197265625
20.422119140625
18.33984375
21.083984375
20.511962890625
20.44091796875
16.4951171875
21.58203125
17.1298828125
21.1640625
17.10400390625
20.776123046875
16.988037109375
21.405029296875
17.343017578125
19.751953125
16.568115234375
21.344970703125
15.166015625
19.47998046875
17.3349609375
20.580810546875
16.85205078125
28.89990234375
17.18212890625
21.107177734375
17.1669921875
20.06201171875
17.740966796875
19.046875
15.9130859375
20.223876953125
15.72802734375
19.703125
18.713134765625
21.066162109375
17.9599609375
21.90576171875
18.050048828125
20.2431640625
15.992919921875
21.6259765625
18.807861328125
19.989013671875
17.987060546875
19.541015625
16.52490234375
23.458984375
16.597900390625
19.823974609375
15.43896484375
21.26318359375
18.515869140625
21.27294921875
17.718017578125
19.010986328125
16.1689453125
19.35302734375
19.906005859375
21.345947265625
18.01416015625
19.7919921875
18.3720703125
21.64794921875
16.635986328125
21.04296875
16.192138671875
20.760009765625
15.56201171875
20.60205078125
16.297119140625
20.843017578125
16.77490234375
20.0859375
16.05810546875
19.22900390625
16.9580078125
21.927001953125
16.89697265625
22.135986328125
19.82080078125
19.51416015625
16.31298828125
19.398193359375
16.339111328125
20.907958984375
16.715087890625
19.260009765625
14.440185546875
19.1591796875
18.41796875
22.841064453125
16.4580078125
22.2060546875
16.201904296875
30.677978515625
16.14404296875
20.5029296875
17.339111328125
20.990966796875
16.9931640625
19.433837890625
16.16796875
20.552001953125
16.6240234375
19.873046875
18.177978515625
21.751953125
17.969970703125
19.65087890625
18.010986328125
19.4150390625
18.81787109375
21.153076171875
17.429931640625
19.89794921875
17.533203125
21.005126953125
18.85986328125
22.416015625
23.12890625
19.553955078125
18.85400390625
20.4990234375
16.47119140625
21.10400390625
16.31884765625
20.072998046875
20.445068359375
19.9599609375
16.6298828125
21.012939453125
18.373046875
23.748046875
17.340087890625
20.993896484375
17.52197265625
20.514892578125
17.2021484375
18.52294921875
16.971923828125
20.090087890625
17.258056640625
19.804931640625
16.005859375
21.22900390625
16.781982421875
21.698974609375
15.543212890625
20.863037109375
17.18896484375
20.675048828125
17.68310546875
18.802001953125
17.75390625
21.1640625
17.296875
17.844970703125
