26.489990234375
32.845947265625
19.819091796875
19.89892578125
23.010009765625
19.73095703125
21.52099609375
18.06494140625
22.427978515625
17.5849609375
19.906982421875
18.22705078125
20.9951171875
20.040771484375
20.06591796875
19.822998046875
19.765869140625
20.118896484375
19.546875
19.822021484375
19.49609375
17.88916015625
21.05517578125
19.321044921875
19.662109375
20.212158203125
19.076171875
19.18603515625
19.77294921875
18.220947265625
20.816162109375
19.822998046875
20.60888671875
20.073974609375
21.31103515625
19.801025390625
19.97802734375
19.14501953125
20.863037109375
19.556884765625
21.22705078125
19.861083984375
23.03515625
20.43798828125
20.588134765625
19.191162109375
20.83203125
18.85400390625
22.947021484375
18.791015625
18.759033203125
20.27294921875
20.240966796875
18.969970703125
20.06494140625
20.300048828125
19.239013671875
18.952880859375
19.636962890625
19.617919921875
19.7548828125
18.69384765625
19.39892578125
19.218017578125
20.114013671875
19.469970703125
19.949951171875
19.927978515625
20.4541015625
19.755126953125
20.371826171875
19.75390625
20.490234375
18.7060546875
19.39013671875
18.35205078125
20.80517578125
20.3291015625
19.5361328125
18.6669921875
19.76904296875
22.89208984375
19.852783203125
19.931884765625
20.118896484375
21.00390625
19.493896484375
19.027099609375
20.10400390625
19.325927734375
20.932861328125
21.551025390625
20.3681640625
19.591064453125
20.4501953125
21.08203125
20.921875
18.716796875
21.76708984375
20.333984375
20.18896484375
21.444091796875
20.906982421875
18.7890625
20.868896484375
19.4560546875
22.14111328125
20.636962890625
20.351806640625
20.495849609375
21.364990234375
19.7080078125
22.280029296875
19.27294921875
21.9208984375
23.071044921875
22.2978515625
21.011962890625
20.696044921875
19.37109375
20.360107421875
18.630859375
20.910888671875
18.776123046875
19.39306640625
18.68896484375
22.866943359375
19.4189453125
22.501953125
20.14208984375
19.64599609375
18.748046875
20.027099609375
19.877197265625
20.670166015625
18.68505859375
20.761962890625
18.89111328125
18.81982421875
19.464111328125
18.525146484375
20.610107421875
22.093017578125
19.56396484375
21.649169921875
23.258056640625
22.135009765625
18.844970703125
21.955078125
19.205078125
22.739013671875
20.31103515625
20.791015625
19.467041015625
21.072021484375
19.322021484375
21.913818359375
19.447021484375
21.64697265625
17.721923828125
21.3740234375
20.5390625
20.25390625
17.7890625
21.619140625
23.0498046875
20.968017578125
18.7919921875
25.217041015625
19.56201171875
21.22802734375
19.39697265625
22.04296875
19.092041015625
22.14501953125
21.967041015625
22.809814453125
22.83203125
22.6640625
21.6298828125
20.347900390625
19.947021484375
21.444091796875
22.0771484375
20.85205078125
22.134033203125
20.702880859375
22.64306640625
20.989013671875
21.470947265625
20.951904296875
22.614990234375
20.407958984375
23.31103515625
23.90478515625
21.85498046875
20.841064453125
21.732177734375
22.471923828125
21.903076171875
21.05810546875
22.093994140625
20.301025390625
20.31396484375
24.10498046875
23.68310546875
22.2412109375
22.24609375
23.72705078125
21.5810546875
25.172119140625
22.592041015625
21.7919921875
21.1220703125
22.088134765625
21.649169921875
20.47509765625
20.97900390625
20.722900390625
24.325927734375
23.3779296875
22.24609375
23.343017578125
24.057861328125
22.19189453125
23.919921875
20.758056640625
22.201904296875
24.02490234375
22.31103515625
23.02197265625
23.5458984375
21.62109375
22.154052734375
20.97412109375
22.506103515625
25.68896484375
21.43603515625
21.2939453125
22.198974609375
20.421875
22.083984375
19.683837890625
20.9921875
22.095947265625
22.9970703125
22.861083984375
24.380859375
22.510986328125
19.889892578125
20.780029296875
20.994140625
20.588134765625
22.43603515625
21.617919921875
22.133056640625
23.56396484375
21.423095703125
21.7490234375
22.5439453125
22.540771484375
23.125
21.19189453125
23.10986328125
22.078125
20.885009765625
21.501953125
22.94287109375
22.4951171875
22.114990234375
21.890869140625
22.512939453125
21.596923828125
21.075927734375
20.93408203125
21.453125
19.89404296875
20.755859375
23.860107421875
24.23193359375
20.823974609375
20.659912109375
22.193115234375
21.01708984375
21.0029296875
20.886962890625
20.952880859375
22.296875
20.5869140625
21.647216796875
22.756103515625
22.93896484375
22.612060546875
20.552978515625
20.203125
20.68896484375
20.075927734375
20.77685546875
20.782958984375
21.69287109375
24.075927734375
20.325927734375
22.489013671875
21.737060546875
21.078125
20.9521484375
21.744140625
22.15283203125
26.366943359375
25.822021484375
21.0009765625
22.536865234375
21.02880859375
22.2041015625
21.616943359375
21.54296875
22.9169921875
22.6669921875
21.861083984375
22.27685546875
24.873046875
21.84814453125
23.455078125
23.5400390625
19.544921875
21.9140625
24.419921875
22.408935546875
19.284912109375
20.535888671875
21.156982421875
21.68212890625
19.738037109375
29.97900390625
22.904052734375
22.20703125
21.07177734375
21.18310546875
20.659912109375
20.14697265625
21.654052734375
21.2880859375
21.159912109375
20.73291015625
23.530029296875
24.2919921875
22.434814453125
22.989990234375
21.296875
21.2890625
22.466064453125
22.722900390625
21.18701171875
21.0400390625
23.60498046875
20.593994140625
19.791015625
24.54296875
23.011962890625
21.9580078125
23.23486328125
22.322998046875
22.842041015625
22.377197265625
20.97900390625
20.10791015625
19.505126953125
20.44189453125
20.98193359375
23.528076171875
21.32080078125
25.132080078125
22.738037109375
22.734130859375
22.148193359375
22.0771484375
20.876953125
21.885986328125
22.0029296875
24.827880859375
20.616943359375
21.93701171875
21.05078125
21.20703125
19.797119140625
20.3369140625
21.808837890625
22.9580078125
23.323974609375
23.2490234375
20.887939453125
20.6240234375
24.444091796875
20.447998046875
22.342041015625
21.9990234375
23.56494140625
20.33203125
20.93017578125
20.26904296875
21.777099609375
23.873046875
20.308837890625
23.304931640625
21.159912109375
31.760009765625
22.102783203125
21.62890625
19.64013671875
22.073974609375
20.23193359375
21.574951171875
22.60986328125
21.614990234375
24.85498046875
20.927001953125
25.846923828125
23.888916015625
26.572998046875
20.77685546875
21.52001953125
20.5341796875
21.02197265625
22.18603515625
21.006103515625
20.9599609375
22.26513671875
24.20703125
22.119873046875
23.469970703125
24.217041015625
20.69287109375
23.826171875
22.614990234375
20.85009765625
22.190185546875
20.60888671875
21.1611328125
21.56103515625
21.051025390625
22.450927734375
24.251953125
24.784912109375
24.875
22.671875
22.074951171875
21.177001953125
21.5478515625
20.472900390625
19.614013671875
22.529052734375
21.18603515625
21.97900390625
20.916015625
24.760986328125
22.296875
23.277099609375
23.81494140625
23.10107421875
21.8779296875
21.56884765625
21.77294921875
21.2509765625
22.154052734375
21.009033203125
22.260009765625
21.572021484375
20.427001953125
