336.0,86.5
336.0,86.0
336.0,86.0
336.0,86.0
336.0,86.0
336.0,86.0
336.0,86.0
336.0,86.0
336.0,86.0
336.0,86.0
336.0,86.0
336.0,86.0
336.0,86.0
336.0,86.0
336.0,86.0
336.0,86.0
336.0,86.0
336.0,86.0
336.0,86.0
336.0,86.0
336.0,86.0
336.0,86.0
336.0,86.0
336.0,86.0
336.0,86.0
336.0,86.0
336.0,86.0
336.0,86.0
336.0,86.0
336.0,86.0
336.0,86.0
336.0,86.0
336.0,86.0
336.0,86.0
336.0,86.0
336.0,86.0
336.0,86.0
336.0,86.0
337.0,86.0
338.0,87.0
338.0,87.0
339.0,86.0
340.0,86.0
342.0,87.0
342.0,86.5
344.0,87.0
346.0,87.0
348.0,86.0
350.0,86.0
352.0,86.5
354.0,86.5
356.0,87.0
360.0,87.0
362.0,87.0
366.0,87.0
369.0,86.5
372.0,86.0
375.0,87.0
380.0,87.0
383.0,87.5
387.0,87.0
391.0,87.0
395.5,88.0
400.0,88.5
404.0,90.0
409.0,91.5
414.0,92.0
419.0,94.0
424.5,96.0
429.0,99.5
435.0,103.0
440.0,107.0
444.0,111.0
449.0,116.0
454.5,120.5
459.0,126.0
464.0,131.0
468.0,138.0
470.0,145.0
474.0,153.0
476.0,160.5
478.0,169.0
479.0,177.0
479.5,186.0
478.0,195.0
477.0,203.5
475.5,213.0
472.5,220.0
469.0,231.0
465.0,238.5
459.0,245.0
453.5,253.0
447.5,260.0
441.0,266.0
433.0,271.0
425.5,276.0
417.0,280.0
408.5,283.0
399.0,284.5
391.0,287.0
382.0,287.5
373.0,287.5
364.0,287.0
356.0,287.0
0.0,0.0
0.0,0.0
0.0,0.0
0.0,0.0
0.0,0.0
0.0,0.0
0.0,0.0
279.0,287.0
270.0,287.0
260.0,287.0
249.5,287.0
238.5,287.0
228.5,287.0
219.0,288.5
208.0,288.5
197.0,288.5
186.0,288.5
175.0,288.5
163.0,287.0
153.0,285.0
141.0,281.5
132.0,277.0
124.0,272.0
114.0,266.0
108.0,259.5
100.0,251.5
94.0,244.0
0.0,0.0
0.0,0.0
0.0,0.0
0.0,0.0
0.0,0.0
0.0,0.0
0.0,0.0
0.0,0.0
0.0,0.0
0.0,0.0
0.0,0.0
0.0,0.0
89.0,132.0
92.5,124.0
99.0,117.0
105.0,110.0
0.0,0.0
118.0,99.0
128.0,95.0
134.5,92.0
144.5,88.5
153.0,87.0
161.0,85.0
167.0,85.0
178.0,85.0
187.0,85.0
196.0,85.0
203.5,86.0
213.0,85.0
221.0,85.0
231.0,85.5
239.0,87.0
249.0,86.0
257.0,86.5
267.0,86.5
277.0,86.0
285.0,86.0
296.0,86.5
305.5,86.5
315.0,86.5
325.0,87.0
335.0,86.5
346.0,87.5
355.0,87.0
365.0,87.0
377.0,87.5
386.0,87.5
397.0,88.0
407.0,90.5
417.5,94.0
426.0,98.0
435.0,103.0
443.0,110.0
451.0,117.0
457.0,123.5
463.0,131.0
468.0,140.0
472.0,149.0
476.0,157.0
477.0,168.0
479.5,178.0
479.5,186.0
479.0,197.5
477.5,206.0
475.5,215.0
472.0,224.0
468.0,233.0
464.0,241.0
458.0,248.5
452.0,255.5
444.0,262.0
437.0,269.0
430.5,272.5
423.0,277.0
413.0,281.5
405.0,284.0
397.0,286.0
388.0,287.5
379.0,287.5
369.0,288.5
361.0,287.0
0.0,0.0
0.0,0.0
0.0,0.0
0.0,0.0
0.0,0.0
0.0,0.0
0.0,0.0
280.0,287.0
269.0,287.0
258.5,287.0
247.0,287.0
235.0,287.0
223.0,287.5
211.0,288.5
199.0,288.5
187.0,287.5
174.0,288.5
162.0,287.0
150.0,285.0
138.0,281.0
128.5,276.0
118.5,270.0
109.5,261.0
102.0,253.0
96.0,245.0
91.0,238.0
0.0,0.0
0.0,0.0
0.0,0.0
0.0,0.0
0.0,0.0
0.0,0.0
0.0,0.0
0.0,0.0
0.0,0.0
0.0,0.0
85.0,136.0
91.0,127.0
97.0,119.0
103.0,111.5
109.0,107.0
117.0,100.0
124.0,95.0
135.0,92.0
144.0,89.0
154.0,87.0
163.0,85.0
174.0,85.5
184.0,85.0
194.0,86.0
203.0,86.0
213.0,86.0
223.0,85.0
233.0,86.0
243.0,86.0
253.0,86.0
263.0,86.0
275.0,86.0
285.0,86.0
297.0,86.0
308.0,87.0
318.0,87.0
331.0,87.0
343.0,87.0
353.0,87.0
367.0,87.0
378.0,87.5
391.0,87.0
403.0,88.5
415.0,93.0
425.0,97.0
437.0,103.0
445.0,111.0
453.0,118.0
460.0,128.0
465.5,137.0
469.5,146.0
474.0,155.0
476.0,165.0
478.0,174.0
478.0,186.0
479.0,196.0
477.0,206.0
475.0,217.0
471.5,226.0
467.0,235.0
461.0,243.0
455.0,252.5
449.0,260.0
440.5,266.0
432.0,272.0
423.0,277.5
414.0,281.5
404.0,284.0
393.0,286.0
383.0,287.5
374.0,287.5
364.0,287.0
0.0,0.0
0.0,0.0
0.0,0.0
0.0,0.0
0.0,0.0
0.0,0.0
0.0,0.0
278.0,287.0
266.0,287.0
254.0,287.0
242.0,287.0
230.0,287.5
216.0,288.5
204.0,288.5
190.0,288.5
178.0,288.5
165.0,288.0
152.0,285.0
140.0,280.5
128.5,275.5
119.0,270.0
110.0,262.0
102.0,252.0
96.0,244.5
0.0,0.0
0.0,0.0
0.0,0.0
0.0,0.0
0.0,0.0
0.0,0.0
0.0,0.0
0.0,0.0
0.0,0.0
0.0,0.0
81.0,146.0
86.0,135.0
91.0,127.0
96.5,119.5
102.0,112.0
109.0,106.0
117.0,101.0
127.0,95.5
134.0,92.0
145.0,88.5
154.0,87.0
163.0,85.0
172.0,85.0
182.0,85.0
192.0,86.0
202.0,86.0
212.0,86.0
222.0,86.0
232.0,86.0
242.5,87.0
253.0,86.0
264.0,87.0
275.0,86.0
285.0,86.0
297.0,86.0
308.0,87.5
320.0,87.5
332.0,87.5
343.0,87.0
355.0,87.0
367.0,87.0
379.0,87.5
392.0,87.5
406.0,90.0
417.0,94.0
428.0,99.0
438.0,105.0
446.0,112.5
455.0,121.0
461.0,131.0
465.5,139.0
470.0,147.0
474.0,158.0
477.0,168.0
478.0,178.0
479.0,189.0
478.0,199.0
476.0,210.0
474.0,219.0
470.0,228.0
465.0,238.0
459.0,247.0
453.0,255.0
445.0,262.0
435.5,268.0
429.5,274.0
419.0,279.5
409.5,283.0
400.0,285.0
389.0,287.0
380.0,288.5
370.0,287.5
360.0,287.0
0.0,0.0
0.0,0.0
0.0,0.0
0.0,0.0
0.0,0.0
0.0,0.0
285.0,287.0
274.0,287.0
262.0,287.0
250.0,287.0
238.0,287.0
226.0,287.0
212.5,288.5
200.5,288.5
188.0,288.5
175.0,288.5
162.0,287.0
150.0,285.0
138.0,281.0
127.0,275.0
117.0,268.0
109.0,261.0
102.0,252.0
95.0,245.0
0.0,0.0
0.0,0.0
0.0,0.0
0.0,0.0
0.0,0.0
0.0,0.0
0.0,0.0
0.0,0.0
0.0,0.0
0.0,0.0
82.0,141.5
88.0,133.0
93.0,124.0
99.0,117.0
0.0,0.0
114.0,103.0
0.0,0.0
128.0,94.0
139.0,90.0
148.0,88.0
156.0,85.5
166.0,85.0
176.0,85.0
186.0,85.0
197.0,85.0
206.0,85.0
216.5,85.0
227.0,85.0
237.0,85.0
247.0,85.0
258.0,86.0
269.0,86.0
280.0,86.0
291.0,86.0
301.0,86.5
313.0,86.5
325.0,86.5
337.0,86.5
350.0,86.5
