0.151123046875
0.06982421875
0.057861328125
0.052001953125
0.0419921875
0.052001953125
0.052001953125
0.052978515625
0.069091796875
0.05712890625
0.052978515625
0.053955078125
0.055908203125
0.052978515625
0.052001953125
0.052978515625
0.078125
0.055908203125
0.052001953125
0.052001953125
0.052978515625
0.055908203125
0.05517578125
0.052978515625
0.052001953125
0.050048828125
0.051025390625
0.052001953125
0.05615234375
0.052978515625
0.0439453125
0.053955078125
0.05517578125
0.053955078125
0.052978515625
0.052978515625
0.054931640625
0.053955078125
0.052978515625
0.053955078125
0.053955078125
0.052978515625
0.05517578125
0.053955078125
0.05908203125
0.052001953125
0.054931640625
0.053955078125
0.052978515625
0.052001953125
0.053955078125
0.053955078125
0.053955078125
0.052001953125
0.05517578125
0.053955078125
0.053955078125
0.05517578125
0.053955078125
0.055908203125
0.007080078125
0.0068359375
0.007080078125
0.0068359375
0.0068359375
0.007080078125
0.007080078125
0.0068359375
0.007080078125
0.007080078125
0.0068359375
0.007080078125
0.007080078125
0.0068359375
0.007080078125
0.005859375
0.0068359375
0.007080078125
0.006103515625
0.007080078125
0.006103515625
0.0068359375
0.0068359375
0.0068359375
0.007080078125
0.0068359375
0.005859375
0.007080078125
0.007080078125
0.06103515625
0.05419921875
0.05615234375
0.0478515625
0.053955078125
0.052978515625
0.055908203125
0.053955078125
0.05712890625
0.055908203125
0.056884765625
0.056884765625
0.06201171875
0.054931640625
0.055908203125
0
0
0
0
0
0
0.052978515625
0.056884765625
0.05615234375
0.052978515625
0.055908203125
0.056884765625
0.053955078125
0.06201171875
0.054931640625
0.044921875
0.05615234375
0.05810546875
0.055908203125
0.0068359375
0.007080078125
0.007080078125
0.0068359375
0.005859375
0.0068359375
0.006103515625
0.006103515625
0.007080078125
0
0
0
0
0
0
0
0
0
0.006103515625
0.006103515625
0.05908203125
0.052978515625
0.053955078125
0.05517578125
0.0400390625
0.055908203125
0.055908203125
0.052978515625
0.0400390625
0.051025390625
0.054931640625
0.055908203125
0.054931640625
0.072021484375
0.05615234375
0.055908203125
0.056884765625
0.053955078125
0.053955078125
0.05322265625
0.054931640625
0.052978515625
0.053955078125
0.052001953125
0.052001953125
0.044189453125
0.06103515625
0.052978515625
0.052978515625
0.053955078125
0.052001953125
0.051025390625
0.05419921875
0.052978515625
0.053955078125
0.007080078125
0.0068359375
0.008056640625
0.007080078125
0.007080078125
0.007080078125
0.007080078125
0.007080078125
0.007080078125
0.006103515625
0.0068359375
0.0068359375
0.0068359375
0.012939453125
0.0068359375
0.007080078125
0.007080078125
0.006103515625
0.007080078125
0.007080078125
0.055908203125
0.052978515625
0.06494140625
0.054931640625
0.053955078125
0.052001953125
0.052978515625
0.052978515625
0.056884765625
0.052001953125
0.06298828125
0.05712890625
0.054931640625
0.053955078125
0
0
0
0
0
0
0
0.0419921875
0.057861328125
0.054931640625
0.0791015625
0.058837890625
0.076904296875
0.072021484375
0.080810546875
0.058837890625
0.05810546875
0.06005859375
0.0068359375
0.007080078125
0.008056640625
0.007080078125
0.006103515625
0.0068359375
0.0068359375
0.007080078125
0
0
0
0
0
0
0
0
0
0.0048828125
0.054931640625
0.05517578125
0.05517578125
0.052978515625
0.0400390625
0.06787109375
0.054931640625
0.037109375
0.052978515625
0.051025390625
0.048828125
0.05419921875
0.054931640625
0.054931640625
0.056884765625
0.052978515625
0.054931640625
0.051025390625
0.055908203125
0.05810546875
0.05615234375
0.052001953125
0.052978515625
0.094970703125
0.053955078125
0.054931640625
0.053955078125
0.05615234375
0.054931640625
0.061767578125
0.05712890625
0.054931640625
0.006103515625
0.007080078125
0.007080078125
0.0068359375
0.007080078125
0.007080078125
0.007080078125
0.007080078125
0.007080078125
0.0068359375
0.0078125
0.0068359375
0.007080078125
0.0068359375
0.007080078125
0.007080078125
0.008056640625
0.05810546875
0.057861328125
0.088134765625
0.057861328125
0.05615234375
0.055908203125
0.05908203125
0.055908203125
0.06005859375
0.05908203125
0.06005859375
0.06396484375
0.057861328125
0
0
0
0
0
0
0.0419921875
0.055908203125
0.054931640625
0.069091796875
0.052978515625
0.055908203125
0.05615234375
0.055908203125
0.06591796875
0.05615234375
0.0458984375
0.05810546875
0.007080078125
0.006103515625
0.007080078125
0.0068359375
0.005859375
0.007080078125
0.007080078125
0
0
0
0
0
0
0
0
0
0.005126953125
0.007080078125
0.054931640625
0.052978515625
0.056884765625
0.0400390625
0.06201171875
0.05419921875
0.054931640625
0.037109375
0.052001953125
0.052978515625
0.056884765625
0.052978515625
0.053955078125
0.053955078125
0.054931640625
0.052001953125
0.052001953125
0.050048828125
0.054931640625
0.052001953125
0.053955078125
0.052001953125
0.052001953125
0.069091796875
0.054931640625
0.06201171875
0.052978515625
0.052978515625
0.068115234375
0.057861328125
0.054931640625
0.007080078125
0.007080078125
0.007080078125
0.008056640625
0.007080078125
0.006103515625
0.006103515625
0.007080078125
0.006103515625
0.0068359375
0.006103515625
0.007080078125
0.006103515625
0.005859375
0.008056640625
0.007080078125
0.007080078125
0.052978515625
0.052978515625
0.051025390625
0.052978515625
0.052978515625
0.052978515625
0.052978515625
0.051025390625
0.053955078125
0.053955078125
0.052001953125
0.052978515625
0.0517578125
0
0
0
0
0
0
0.0380859375
0.052001953125
0.052978515625
0.055908203125
0.05810546875
0.054931640625
0.056884765625
0.054931640625
0.054931640625
0.053955078125
0.053955078125
0.007080078125
0.007080078125
0.0068359375
0.005859375
0.007080078125
0.007080078125
0.007080078125
0.007080078125
0
0
0
0
0
0
0
0
0
0.00390625
0.051025390625
0.049072265625
0.052001953125
0.051025390625
0.0400390625
0.054931640625
0.05517578125
0.05712890625
0.0400390625
0.055908203125
0.05615234375
0.052978515625
0.053955078125
0.052978515625
0.057861328125
0.046875
0.053955078125
0.0419921875
0.052978515625
0.052978515625
0.053955078125
0.052001953125
0.052978515625
0.050048828125
0.050048828125
0.054931640625
0.06201171875
0.052001953125
