49.39599609375
23.553955078125
22.093017578125
20.27099609375
22.570068359375
21.412841796875
21.39111328125
20.090087890625
20.7470703125
20.09814453125
21.47607421875
21.3271484375
21.35595703125
21.179931640625
21.443115234375
21.718017578125
20.016845703125
19.4521484375
20.947998046875
21.489013671875
21.385009765625
20.5048828125
21.990966796875
22.156005859375
20.06591796875
20.533935546875
20.613037109375
20.698974609375
20.163818359375
21.002197265625
21.574951171875
21.773193359375
20.5029296875
21.380859375
21.683837890625
20.322021484375
20.071044921875
20.471923828125
20.666015625
21.48095703125
21.504150390625
22.073974609375
20.322998046875
20.778076171875
20.8740234375
20.364013671875
21.031982421875
21.297119140625
21.85107421875
20.447021484375
21.2900390625
19.89599609375
19.81689453125
21.450927734375
22.00390625
20.7099609375
20.9150390625
20.328857421875
21.14697265625
18.97021484375
21.868896484375
19.858154296875
21.494873046875
22.804931640625
21.669921875
20.81298828125
22.14501953125
21.35107421875
19.76416015625
22.4951171875
21.81494140625
20.76513671875
21.80322265625
22.02099609375
20.803955078125
20.85107421875
21.448974609375
19.427978515625
21.2490234375
19.748046875
20.6640625
19.443115234375
21.824951171875
21.7919921875
20.02001953125
20.531005859375
22.510986328125
21.8701171875
21.449951171875
21.326904296875
21.48388671875
21.347900390625
21.697998046875
21.760986328125
20.781005859375
21.80908203125
21.317138671875
20.764892578125
20.571044921875
20.89990234375
20.424072265625
21.93896484375
21.76904296875
22.179931640625
21.284912109375
2.182861328125
2.780029296875
2.661865234375
2.47509765625
2.546142578125
19.035888671875
19.70703125
22.329833984375
21.339111328125
19.85595703125
22.052001953125
21.56494140625
22.406005859375
22.282958984375
21.244140625
21.01904296875
22.209228515625
21.505126953125
21.14794921875
21.56591796875
22.047119140625
20.662109375
20.873779296875
20.824951171875
20.598876953125
20.35205078125
19.9990234375
21.154052734375
2.162109375
2.9169921875
3.001953125
2.802001953125
2.587890625
2.722900390625
3.48095703125
3.08984375
20.31494140625
21.968017578125
21.364990234375
23.03515625
21.843994140625
22.244873046875
38.5859375
21.4541015625
20.948974609375
22.260986328125
39.81005859375
20.9990234375
20.22509765625
21.6240234375
23.135009765625
21.574951171875
19.413818359375
20.656982421875
20.32080078125
22.455078125
21.879150390625
21.18896484375
22.26220703125
21.9228515625
20.489013671875
20.149169921875
20.905029296875
21.939208984375
20.34912109375
21.105224609375
21.007080078125
20.666015625
21.76708984375
21.77001953125
21.01904296875
19.6298828125
21.080810546875
22.455810546875
21.94189453125
22.22412109375
21.864013671875
21.403076171875
20.307861328125
21.6240234375
21.18408203125
21.023193359375
21.519775390625
21.180908203125
21.81201171875
21.929931640625
23.009033203125
23.06591796875
21.907958984375
22.27685546875
23.40380859375
21.27490234375
21.18798828125
20.99609375
20.75
22.526123046875
21.19189453125
22.72412109375
21.72216796875
22.958984375
22.421875
21.23486328125
22.134033203125
22.37109375
22.256103515625
22.7978515625
21.947998046875
5.423828125
3.381103515625
3.85595703125
3.64697265625
4.31298828125
4.237060546875
3.333984375
19.68603515625
20.736083984375
22.308837890625
24.452880859375
24.327880859375
25.013916015625
23.31201171875
23.84716796875
21.65087890625
22.99609375
22.5830078125
22.614990234375
24.060791015625
23.406982421875
22.738037109375
22.93115234375
23.401123046875
21.83203125
22.8349609375
23.074951171875
3.301025390625
3.787109375
3.637939453125
3.467041015625
3.400146484375
3.68505859375
3.72509765625
3.3310546875
19.60888671875
21.994873046875
20.72705078125
20.56591796875
22.654052734375
37.685791015625
22.555908203125
21.990966796875
38.1669921875
19.4130859375
22.090087890625
22.739013671875
22.986083984375
22.427001953125
22.526123046875
22.385986328125
22.5810546875
22.60009765625
23.447021484375
21.884033203125
22.889892578125
21.6318359375
22.23681640625
22.48095703125
23.192138671875
22.302001953125
23.35107421875
22.375
21.654052734375
23.85205078125
24.81494140625
20.37109375
22.868896484375
21.93603515625
21.6279296875
21.880126953125
21.863037109375
24.141845703125
21.9990234375
22.7158203125
23.89501953125
23.35400390625
23.7900390625
21.662841796875
21.676025390625
24.27587890625
23.178955078125
23.009033203125
23.218994140625
22.065185546875
22.923095703125
23.631103515625
23.907958984375
22.9921875
22.755126953125
23.341796875
21.988037109375
23.221923828125
23.28515625
21.14794921875
21.162109375
21.1728515625
22.176025390625
23.016845703125
2.462158203125
3.60400390625
3.032958984375
3.248046875
2.953125
19.727783203125
21.72705078125
21.3798828125
20.93310546875
20.52001953125
20.31201171875
19.22119140625
20.77490234375
21.72998046875
23.349853515625
22.677001953125
21.988037109375
22.349853515625
21.18798828125
22.2900390625
22.65087890625
22.364990234375
22.092041015625
21.0009765625
22.0859375
3.055908203125
3.407958984375
3.18017578125
3.087158203125
3.52783203125
3.281982421875
3.153076171875
3.119873046875
20.3330078125
21.8759765625
20.55908203125
21.5068359375
21.555908203125
38.939208984375
22.201171875
21.748046875
22.43212890625
35.352783203125
21.796142578125
21.988037109375
21.722900390625
22.463134765625
22.214111328125
23.375
22.81298828125
22.453125
22.468017578125
22.510986328125
22.89501953125
22.962890625
20.423095703125
21.694091796875
21.080078125
25.39794921875
22.677001953125
22.89892578125
23.397216796875
21.524169921875
20.291015625
23.260009765625
22.2138671875
21.75390625
21.51611328125
22.35498046875
22.56884765625
20.737060546875
20.927978515625
21.840087890625
21.285888671875
20.751953125
21.803955078125
21.162109375
22.72509765625
22.174072265625
22.43505859375
23.343017578125
22.107177734375
22.31591796875
22.9560546875
20.84814453125
22.77197265625
22.16796875
22.2431640625
22.280029296875
19.995849609375
22.7431640625
21.025146484375
22.653076171875
21.048828125
21.923095703125
21.10888671875
5.596923828125
3.214111328125
2.887939453125
3.5849609375
3.233154296875
3.241943359375
19.29296875
23.079833984375
23.205078125
21.91015625
22.3740234375
21.387939453125
22.210205078125
22.2919921875
21.869873046875
22.02001953125
21.906005859375
22.006103515625
20.6201171875
20.595947265625
21.385986328125
20.06787109375
21.4130859375
21.9140625
21.99609375
23.97607421875
3.22216796875
3.42919921875
2.791015625
4.303955078125
3.6259765625
3.578857421875
2.748046875
3.31689453125
20.029052734375
22.117919921875
21.009033203125
22.261962890625
22.06787109375
41.64892578125
21.507080078125
21.554931640625
22.77685546875
37.77392578125
21.891845703125
19.04296875
22.60498046875
22.879150390625
24.1611328125
25.458984375
21.52392578125
21.346923828125
23.43994140625
21.7880859375
22.930908203125
21.653076171875
21.7939453125
21.783935546875
22.125
20.859130859375
22.780029296875
23.098876953125
23.114013671875
