0
0
0
0
0
0
0
0
0
0
0
0
0
0
0
0
0
0
0
0
0
0
0
0
0
0
0
0
0
0
0
0
0
0
0
0
0
0
0
0
0
0
0
0
0
0
0
0
0
0
0
0
0
0
0
0
0
0
0
0
0
0
0
0
0
0
0
0
0
0
0
0
0
0
0
0
0
0
0
0
0
0
0
0
0
0
0
0
0
0
0
0
0
0
0
0
0
0
0
0
0
0
0
0
0.597900390625
0.72802734375
0.946044921875
0.912109375
0.833984375
0.96484375
17.31298828125
0
0
0
0
0
0
0
0
0
0
0
0
0
0
0
0
0
0
0
0
0
0.5859375
0.68994140625
0.972900390625
0.97900390625
1.072998046875
1.125
1.14697265625
0.989013671875
1.177978515625
18.702880859375
0
0
0
0
0
16.013916015625
0
0
0
15.9619140625
0
0
0
0
0
0
0
0
0
0
0
0
0
0
0
0
0
0
0
0
0
0
0
0
0
0
0
0
0
0
0
0
0
0
0
0
0
0
0
0
0
0
0
0
0
0
0
0
0
0
0
0
0
0
0
0
0
0
0
0
1.589111328125
1.8740234375
2.0029296875
2.06787109375
2.009033203125
2.4560546875
1.718017578125
18.09912109375
0
0
0
0
0
0
0
0
0
0
0
0
0
0
0
0
0
0
1.35302734375
1.739013671875
2.0400390625
2.031982421875
1.903076171875
1.988037109375
1.842041015625
2.057861328125
1.85498046875
18.06103515625
0
0
0
0
16.27099609375
0
0
16.199951171875
0
0
0
0
0
0
0
0
0
0
0
0
0
0
0
0
0
0
0
0
0
0
0
0
0
0
0
0
0
0
0
0
0
0
0
0
0
0
0
0
0
0
0
0
0
0
0
0
0
0
0
0
0
0
1.205078125
1.154052734375
1.685791015625
1.593017578125
1.60791015625
1.597900390625
17.927978515625
0
0
0
0
0
0
0
0
0
0
0
0
0
0
0
0
0
0
1.116943359375
1.200927734375
1.516845703125
1.7490234375
1.555908203125
1.739990234375
1.632080078125
1.509033203125
1.718017578125
18.61083984375
0
0
0
0
15.796875
0
0
0
14.7880859375
0
0
0
0
0
0
0
0
0
0
0
0
0
0
0
0
0
0
0
0
0
0
0
0
0
0
0
0
0
0
0
0
0
0
0
0
0
0
0
0
0
0
0
0
0
0
0
0
0
0
0
0
0
1.2021484375
1.515869140625
1.31982421875
1.635009765625
1.5400390625
1.546142578125
17.7119140625
0
0
0
0
0
0
0
0
0
0
0
0
0
0
0
0
0
0
1.635986328125
1.537841796875
1.77880859375
1.440185546875
2.174072265625
1.801025390625
2.080810546875
1.349853515625
1.698974609375
18.39501953125
0
0
0
0
16.775146484375
0
0
0
16.2939453125
0
0
0
0
0
0
0
0
0
0
0
0
0
0
0
0
0
0
0
