50.45703125
24.697021484375
23.14697265625
21.339111328125
23.627197265625
22.48193359375
22.45703125
21.156005859375
21.822998046875
21.223876953125
22.58203125
23.4580078125
22.423095703125
22.2509765625
22.5068359375
22.794189453125
21.126953125
20.528076171875
22.01416015625
22.56201171875
22.443115234375
21.593994140625
23.05908203125
23.23291015625
21.126953125
21.630126953125
21.673095703125
21.7900390625
21.22119140625
22.071044921875
22.675048828125
22.839111328125
21.56591796875
22.48388671875
22.7412109375
21.405029296875
21.14599609375
21.5439453125
21.724853515625
22.5478515625
22.585205078125
23.14111328125
21.388916015625
21.850830078125
21.94189453125
21.423095703125
22.12109375
22.388916015625
22.929931640625
21.510986328125
22.36083984375
20.95703125
20.89404296875
22.5048828125
23.096923828125
21.76806640625
21.968017578125
21.41796875
22.197021484375
20.0361328125
22.947998046875
20.93603515625
22.553955078125
23.906005859375
22.732177734375
21.8720703125
23.2099609375
22.4140625
20.8349609375
23.56396484375
22.89208984375
21.826904296875
22.913818359375
23.073974609375
21.869140625
21.925048828125
22.51708984375
20.488037109375
22.321044921875
20.8720703125
21.739990234375
20.507080078125
22.88916015625
22.87109375
21.080078125
21.618896484375
24.643798828125
22.932861328125
22.5048828125
22.399169921875
22.544921875
22.423095703125
22.76220703125
22.8330078125
21.87109375
22.866943359375
22.4150390625
21.848876953125
21.629150390625
21.97802734375
21.483154296875
22.9970703125
22.865966796875
23.2451171875
22.347900390625
8.556884765625
9.18603515625
7.969970703125
8.873046875
8.93896484375
20.090087890625
20.780029296875
23.39306640625
22.408935546875
20.9150390625
23.118896484375
22.64892578125
23.47509765625
23.360107421875
22.322021484375
22.10205078125
23.281982421875
22.587890625
22.214111328125
22.633056640625
23.113037109375
21.733154296875
21.93994140625
21.885009765625
21.672119140625
21.43798828125
21.07080078125
22.200927734375
8.534912109375
11.419189453125
9.3759765625
9.1708984375
8.969970703125
10.19189453125
9.884033203125
8.4111328125
21.382080078125
23.04296875
22.4501953125
24.098876953125
22.91796875
23.326904296875
39.65087890625
22.532958984375
22.02294921875
23.3291015625
40.875
22.087890625
21.31396484375
22.68408203125
24.205810546875
22.65185546875
20.48681640625
21.721923828125
21.376953125
23.52587890625
22.98779296875
22.257080078125
23.328857421875
22.98388671875
21.563232421875
21.21484375
21.97998046875
23.02197265625
21.43212890625
22.16796875
22.0791015625
21.7578125
22.823974609375
22.846923828125
22.083984375
20.69287109375
22.156005859375
23.52099609375
23.012939453125
23.2900390625
22.929931640625
22.47412109375
21.427001953125
22.674072265625
22.287109375
22.092041015625
22.575927734375
22.2548828125
22.879150390625
23.01611328125
24.10498046875
24.114013671875
22.991943359375
23.4111328125
24.45703125
22.346923828125
22.2578125
22.071044921875
21.818115234375
23.617919921875
22.23291015625
23.80712890625
22.784912109375
24.038818359375
23.47900390625
22.306884765625
23.212158203125
23.44091796875
23.321044921875
23.875
23.01513671875
9.7509765625
10.761962890625
13.487060546875
12.14208984375
9.64111328125
8.468994140625
11.844970703125
20.72900390625
21.81201171875
23.445068359375
25.52197265625
25.41796875
26.0859375
24.39794921875
24.929931640625
22.72802734375
24.051025390625
23.657958984375
23.694091796875
25.14111328125
24.47412109375
23.803955078125
24.010986328125
24.470947265625
22.885986328125
23.912841796875
24.136962890625
8.623046875
9.107177734375
8.945068359375
8.780029296875
9.774169921875
8.989990234375
9.06201171875
8.62890625
20.6640625
23.070068359375
21.785888671875
21.632080078125
23.716064453125
38.758056640625
23.623046875
23.073974609375
39.21484375
20.48681640625
23.14892578125
23.803955078125
24.068115234375
23.5
23.630126953125
23.434814453125
23.65185546875
23.659912109375
24.51904296875
22.948974609375
23.953857421875
22.69384765625
23.31201171875
23.5478515625
24.264892578125
23.367919921875
24.4189453125
23.4638671875
22.7138671875
24.921875
25.883056640625
21.447021484375
23.951904296875
22.9912109375
22.739990234375
22.93798828125
22.97509765625
25.214111328125
23.12109375
23.80908203125
24.9560546875
24.445068359375
24.84716796875
22.738037109375
22.75390625
25.3408203125
24.29296875
24.076171875
24.304931640625
23.1708984375
24.01513671875
25.75
24.982177734375
24.01513671875
23.833984375
24.44091796875
23.11083984375
24.31689453125
24.3330078125
22.21484375
22.25
22.237060546875
23.26513671875
24.075927734375
8.851806640625
8.905029296875
8.361083984375
12.7861328125
9.338134765625
20.7861328125
22.786865234375
22.490966796875
22.008056640625
21.590087890625
21.3759765625
20.295166015625
21.844970703125
22.80322265625
24.4169921875
23.75
23.05908203125
23.43212890625
22.257080078125
23.363037109375
23.72607421875
23.422119140625
23.162109375
22.069091796875
23.153076171875
9.429931640625
8.721923828125
8.47509765625
9.529052734375
11.011962890625
8.632080078125
8.463134765625
8.47900390625
21.386962890625
22.953125
21.6259765625
22.565185546875
22.630859375
40.02197265625
23.260009765625
22.837890625
23.489013671875
36.4228515625
22.8720703125
23.06005859375
22.791015625
23.52880859375
23.2978515625
24.434814453125
23.90380859375
23.52392578125
23.5380859375
23.5830078125
23.97998046875
24.031982421875
21.490966796875
22.763916015625
22.154052734375
26.485107421875
23.759033203125
23.9599609375
24.47705078125
22.587890625
21.35888671875
24.340087890625
23.28515625
22.85302734375
22.593017578125
23.4189453125
23.60400390625
21.7919921875
22.006103515625
22.906005859375
22.35693359375
21.85693359375
22.860107421875
22.205078125
23.80615234375
23.242919921875
23.51220703125
24.39794921875
23.18212890625
23.39990234375
24.015869140625
21.9150390625
23.85205078125
23.23486328125
23.305908203125
23.35205078125
21.06103515625
23.81298828125
22.0869140625
23.756103515625
22.110107421875
22.9951171875
22.183837890625
10.91796875
10.64697265625
11.445068359375
8.930908203125
9.633056640625
9.590087890625
20.360107421875
24.14794921875
24.264892578125
23.01513671875
23.441162109375
22.452880859375
23.281982421875
23.375
22.981201171875
23.091064453125
22.97509765625
23.069091796875
21.68994140625
21.7421875
22.43505859375
21.14892578125
22.496826171875
23.00390625
23.06201171875
25.06494140625
10.694091796875
11.93310546875
9.215087890625
8.5791015625
8.962890625
8.87890625
9.11181640625
8.634033203125
21.089111328125
23.18408203125
22.077880859375
23.3408203125
23.182861328125
42.699951171875
22.578125
22.654052734375
23.879150390625
38.843994140625
22.9541015625
20.115966796875
23.656982421875
23.9609375
25.22998046875
26.52197265625
22.595947265625
22.42822265625
24.5048828125
22.85791015625
23.998046875
22.712158203125
23.93603515625
22.85498046875
23.19189453125
21.958984375
23.826904296875
24.1728515625
24.18505859375
