0.838134765625
0.202880859375
0.2421875
0.2119140625
0.260986328125
0.18603515625
0.18603515625
0.226806640625
0.23291015625
0.23193359375
0.22802734375
0.28515625
0.232177734375
0.240234375
0.202880859375
0.284912109375
0.2041015625
0.160888671875
0.24609375
0.260986328125
0.22412109375
0.161865234375
0.27099609375
0.254150390625
0.22216796875
0.174072265625
0.2431640625
0.22509765625
0.364990234375
0.215087890625
0.22314453125
0.2412109375
0.23095703125
0.2529296875
0.221923828125
0.264892578125
0.23291015625
0.23095703125
0.22607421875
0.255859375
0.238037109375
0.259033203125
0.22802734375
0.25
0.25
0.22509765625
0.14501953125
0.259033203125
0.302978515625
0.263916015625
0.2529296875
0.245849609375
0.287109375
0.239990234375
0.281005859375
0.246826171875
0.2529296875
0.18798828125
0.27099609375
0.207763671875
0.2041015625
0.287841796875
0.219970703125
0.22607421875
0.2958984375
0.2490234375
0.22998046875
0.248046875
0.2041015625
0.22607421875
0.195068359375
0.203125
0.27001953125
0.31201171875
0.223876953125
0.237060546875
0.2509765625
0.18603515625
0.199951171875
0.208984375
0.282958984375
0.203857421875
0.2158203125
0.259033203125
0.2470703125
0.281005859375
0.263916015625
0.2529296875
0.217041015625
0.2578125
0.205078125
0.184814453125
0.23779296875
0.2890625
0.219970703125
0.243896484375
0.226806640625
0.427978515625
0.27001953125
0.213134765625
0.236083984375
0.238037109375
0.18701171875
0.203125
0.259033203125
0.22998046875
0.2998046875
0.27587890625
0.275146484375
0.29296875
0.31591796875
0.18896484375
0.220947265625
0.244873046875
0.217041015625
0.260009765625
0.223876953125
0.151123046875
0.239013671875
0.2470703125
0.239990234375
0.1611328125
0.25
0.251953125
0.218994140625
0.2509765625
0.197998046875
0.22998046875
0.2119140625
0.19189453125
0.215087890625
0.260986328125
0.24609375
0.199951171875
0.27197265625
0.281982421875
0.2529296875
0.246826171875
0.25390625
0.263916015625
0.31689453125
0.257080078125
0.26611328125
0.330810546875
0.22900390625
0.2119140625
0.2080078125
0.258056640625
0.2529296875
0.253173828125
0.203857421875
0.247802734375
0.219970703125
0.31298828125
0.325927734375
0.262939453125
0.2490234375
0.2119140625
0.20703125
0.205078125
0.251953125
0.246826171875
0.257080078125
0.238037109375
0.181884765625
0.216796875
0.261962890625
0.197021484375
0.219970703125
0.2509765625
0.2099609375
0.23291015625
0.304931640625
0.263916015625
0.203125
0.243896484375
0.176025390625
0.22998046875
0.22802734375
0.2861328125
0.201904296875
0.239013671875
0.189208984375
0.214111328125
0.18798828125
0.216064453125
0.22705078125
0.234130859375
0.180908203125
0.2548828125
0.2119140625
0.297119140625
0.219970703125
0.216064453125
0.330078125
0.302978515625
0.217041015625
0.23486328125
0.241943359375
0.221923828125
0.28515625
0.307861328125
0.236083984375
0.22705078125
0.200927734375
0.218994140625
0.214111328125
0.21484375
0.2431640625
0.18798828125
0.322998046875
0.26806640625
0.22705078125
0.330810546875
0.22900390625
0.2421875
0.255859375
0.35205078125
0.22802734375
0.27490234375
0.239990234375
0.18310546875
0.263916015625
0.386962890625
0.25
0.302001953125
0.327880859375
0.25390625
0.30908203125
0.27490234375
0.26708984375
0.254150390625
0.233154296875
0.248046875
0.224853515625
0.2490234375
0.22021484375
0.263916015625
0.31591796875
0.2451171875
0.2958984375
0.281005859375
0.240966796875
0.245849609375
0.27783203125
0.301025390625
0.287109375
0.27001953125
0.2080078125
0.2080078125
0.19287109375
0.1591796875
0.173095703125
0.27783203125
0.241943359375
0.2470703125
0.171875
0.219970703125
0.177978515625
0.2099609375
0.260009765625
0.22900390625
0.365966796875
0.2919921875
0.248046875
0.23193359375
0.205810546875
0.221923828125
0.205078125
0.19287109375
0.221923828125
0.23291015625
0.21484375
0.22216796875
0.239990234375
0.280029296875
0.22998046875
0.2578125
0.176025390625
0.266845703125
0.248779296875
0.223876953125
0.2841796875
0.19091796875
0.241943359375
0.220947265625
0.257080078125
0.28515625
0.278076171875
0.24609375
0.199951171875
0.212890625
0.27294921875
0.2470703125
0.255859375
0.22802734375
0.30810546875
0.19921875
0.279052734375
0.22314453125
0.232177734375
0.2138671875
0.244140625
0.26904296875
0.212890625
0.385986328125
0.221923828125
0.23193359375
0.272216796875
0.194091796875
0.278076171875
0.208984375
0.287109375
0.30712890625
0.282958984375
0.22509765625
0.34814453125
0.239990234375
0.198974609375
0.1630859375
0.216064453125
0.2109375
0.1669921875
0.198974609375
0.220947265625
0.2939453125
0.236083984375
0.222900390625
0.243896484375
0.22314453125
0.22607421875
0.254150390625
0.29296875
0.298095703125
0.18505859375
0.238037109375
0.22607421875
0.342041015625
0.2470703125
0.25390625
0.27490234375
0.255859375
0.2587890625
0.255126953125
0.278076171875
0.233154296875
0.296142578125
0.2138671875
0.22802734375
0.220947265625
0.225830078125
0.220947265625
0.280029296875
0.308837890625
0.225830078125
0.19677734375
0.2587890625
0.286865234375
0.2138671875
0.3818359375
0.259033203125
0.3310546875
0.23193359375
0.30517578125
0.225830078125
0.3759765625
0.201171875
0.307861328125
0.244140625
0.334228515625
0.301025390625
0.322021484375
0.241943359375
0.35205078125
0.208984375
0.319091796875
0.251220703125
0.31103515625
0.224853515625
0.321044921875
0.22412109375
0.251953125
0.180908203125
0.2880859375
0.23095703125
0.2978515625
0.263916015625
0.2919921875
0.259033203125
0.2958984375
0.1728515625
0.324951171875
0.19921875
0.279052734375
0.24609375
0.307861328125
0.223876953125
0.299072265625
0.22998046875
0.26904296875
0.206787109375
0.27001953125
0.218994140625
0.2861328125
0.22802734375
0.262939453125
0.19091796875
0.330078125
0.2998046875
0.217041015625
0.238037109375
0.263916015625
0.384033203125
0.30322265625
0.192138671875
0.258056640625
0.217041015625
0.2880859375
0.257080078125
0.220947265625
0.208984375
0.260986328125
0.278076171875
0.236083984375
0.239013671875
0.23388671875
0.218017578125
0.819091796875
0.193115234375
0.242919921875
0.219970703125
0.216796875
0.2939453125
0.2451171875
0.274169921875
0.22998046875
0.386962890625
0.35693359375
0.31494140625
0.218994140625
0.330078125
0.2900390625
0.237060546875
0.18994140625
0.2109375
0.27685546875
0.424072265625
0.283203125
0.2509765625
0.30908203125
0.242919921875
0.3310546875
0.201904296875
0.26416015625
0.23291015625
0.404052734375
0.305908203125
0.27490234375
0.222900390625
0.29296875
0.2080078125
0.269775390625
0.202880859375
0.205078125
0.18017578125
0.23291015625
0.215087890625
0.403076171875
0.161865234375
0.309814453125
